   0.0000000000000000e+00	   1.2179054054054053e+00	   0.0000000000000000e+00	
  -9.0827337928494553e-03	   1.2128038278460409e+00	   0.0000000000000000e+00	
  -1.8164958195750560e-02	   1.2127017997780443e+00	   0.0000000000000000e+00	
  -2.7132321937097963e-02	   1.2074654706678047e+00	   0.0000000000000000e+00	
  -3.6022282879729493e-02	   1.2021631279591460e+00	   0.0000000000000000e+00	
  -4.4834357341961027e-02	   1.1967956372379900e+00	   0.0000000000000000e+00	
  -5.3568070265072036e-02	   1.1913638676164815e+00	   0.0000000000000000e+00	
  -6.2222955238874701e-02	   1.1858686916523857e+00	   0.0000000000000000e+00	
  -7.0798554526559310e-02	   1.1803109852683016e+00	   0.0000000000000000e+00	
  -7.9294419088813448e-02	   1.1746916276706960e+00	   0.0000000000000000e+00	
  -8.7710108607217688e-02	   1.1690115012687676e+00	   0.0000000000000000e+00	
  -9.6462174972208978e-02	   1.1683218743352273e+00	   0.0000000000000000e+00	
  -1.0475403819791332e-01	   1.1625196056179734e+00	   0.0000000000000000e+00	
  -1.1296443246656709e-01	   1.1566589506673688e+00	   0.0000000000000000e+00	
  -1.2109295044362797e-01	   1.1507408040879086e+00	   0.0000000000000000e+00	
  -1.2913919362303294e-01	   1.1447660632946468e+00	   0.0000000000000000e+00	
  -1.3770852833607758e-01	   1.1437668609573552e+00	   0.0000000000000000e+00	
  -1.4562672285874170e-01	   1.1376769573270606e+00	   0.0000000000000000e+00	
  -1.5346146413911377e-01	   1.1315328858644469e+00	   0.0000000000000000e+00	
  -1.6121238705889260e-01	   1.1253355546832378e+00	   0.0000000000000000e+00	
  -1.6963531065193185e-01	   1.1240967065851049e+00	   0.0000000000000000e+00	
  -1.7725504124287111e-01	   1.1177897865066404e+00	   0.0000000000000000e+00	
  -1.8478986718131829e-01	   1.1114320645108740e+00	   0.0000000000000000e+00	
  -1.9310800877797854e-01	   1.1100170385996770e+00	   0.0000000000000000e+00	
  -2.0050940425156805e-01	   1.1035538232890125e+00	   0.0000000000000000e+00	
  -2.0782487685814682e-01	   1.0970422855038175e+00	   0.0000000000000000e+00	
  -2.1603460993682810e-01	   1.0954551578836924e+00	   0.0000000000000000e+00	
  -2.2321453164236507e-01	   1.0888422670459454e+00	   0.0000000000000000e+00	
  -2.3136242464280768e-01	   1.0871401188924432e+00	   0.0000000000000000e+00	
  -2.3840540889772593e-01	   1.0804284729448856e+00	   0.0000000000000000e+00	
  -2.4536090524453966e-01	   1.0736725875708235e+00	   0.0000000000000000e+00	
  -2.5339457410548272e-01	   1.0718050144206961e+00	   0.0000000000000000e+00	
  -2.6021120645564932e-01	   1.0649545824222673e+00	   0.0000000000000000e+00	
  -2.6817917124956409e-01	   1.0629760423900376e+00	   0.0000000000000000e+00	
  -2.7485567611424411e-01	   1.0560337058262002e+00	   0.0000000000000000e+00	
  -2.8275642334364171e-01	   1.0539457460377870e+00	   0.0000000000000000e+00	
  -2.8929158519336257e-01	   1.0469141634812269e+00	   0.0000000000000000e+00	
  -2.9712363293303273e-01	   1.0447183513818268e+00	   0.0000000000000000e+00	
  -3.0351628440705841e-01	   1.0376001970755271e+00	   0.0000000000000000e+00	
  -3.1127818257135442e-01	   1.0352981198314395e+00	   0.0000000000000000e+00	
  -3.1752720467255990e-01	   1.0280960828427110e+00	   0.0000000000000000e+00	
  -3.2368589852803031e-01	   1.0208587846671835e+00	   0.0000000000000000e+00	
  -3.3132185754706978e-01	   1.0184061301119591e+00	   0.0000000000000000e+00	
  -3.3893923493333744e-01	   1.0158963599505912e+00	   0.0000000000000000e+00	
  -3.4489783563914467e-01	   1.0085346798528820e+00	   0.0000000000000000e+00	
  -3.5244090674064399e-01	   1.0059235183404127e+00	   0.0000000000000000e+00	
  -3.5825281299459510e-01	   9.9848610321553788e-01	   0.0000000000000000e+00	
  -3.6572025753959791e-01	   9.9577521035535943e-01	   0.0000000000000000e+00	
  -3.7138454545684901e-01	   9.8826480006604067e-01	   0.0000000000000000e+00	
  -3.7877507618639700e-01	   9.8545585254426848e-01	   0.0000000000000000e+00	
  -3.8614436394869561e-01	   9.8259163737761335e-01	   0.0000000000000000e+00	
  -3.9160323387139667e-01	   9.7496988808783314e-01	   0.0000000000000000e+00	
  -3.9889363432801306e-01	   9.7200989910037794e-01	   0.0000000000000000e+00	
  -4.0420268441724977e-01	   9.6432178532443524e-01	   0.0000000000000000e+00	
  -4.1141298975564200e-01	   9.6126773981120417e-01	   0.0000000000000000e+00	
  -4.1860022168393690e-01	   9.5815978320297701e-01	   0.0000000000000000e+00	
  -4.2370050065401788e-01	   9.5036966610573959e-01	   0.0000000000000000e+00	
  -4.3080577422203986e-01	   9.4716999604366114e-01	   0.0000000000000000e+00	
  -4.3788688676805193e-01	   9.4391720553498948e-01	   0.0000000000000000e+00	
  -4.4277650881637864e-01	   9.3603057695668601e-01	   0.0000000000000000e+00	
  -4.4977386449103479e-01	   9.3268845204510153e-01	   0.0000000000000000e+00	
  -4.5674599535003213e-01	   9.2929401886012142e-01	   0.0000000000000000e+00	
  -4.6142321586878832e-01	   9.2131640349338362e-01	   0.0000000000000000e+00	
  -4.6830985674653297e-01	   9.1783504921239489e-01	   0.0000000000000000e+00	
  -4.7517023324846513e-01	   9.1430221968629000e-01	   0.0000000000000000e+00	
  -4.8200396062183165e-01	   9.1071811304790973e-01	   0.0000000000000000e+00	
  -4.8640666877759026e-01	   9.0262186671421807e-01	   0.0000000000000000e+00	
  -4.9315260890981832e-01	   8.9895393988091055e-01	   0.0000000000000000e+00	
  -4.9987089140198887e-01	   8.9523559671795494e-01	   0.0000000000000000e+00	
  -5.0405754240552614e-01	   8.8706111308154600e-01	   0.0000000000000000e+00	
  -5.1068645577250915e-01	   8.8326143824344738e-01	   0.0000000000000000e+00	
  -5.1728672814293086e-01	   8.7941222716343437e-01	   0.0000000000000000e+00	
  -5.2385798935154371e-01	   8.7551369571807858e-01	   0.0000000000000000e+00	
  -5.3039987086014273e-01	   8.7156606255000202e-01	   0.0000000000000000e+00	
  -5.3424522429258114e-01	   8.6326042877884868e-01	   0.0000000000000000e+00	
  -5.4069505191895972e-01	   8.5923535099833126e-01	   0.0000000000000000e+00	
  -5.4711455556680366e-01	   8.5516208443885711e-01	   0.0000000000000000e+00	
  -5.5350337520897719e-01	   8.5104085754277525e-01	   0.0000000000000000e+00	
  -5.5986115253920588e-01	   8.4687190144220992e-01	   0.0000000000000000e+00	
  -5.6336130371600446e-01	   8.3844918314104244e-01	   0.0000000000000000e+00	
  -5.6962450773141204e-01	   8.3420675580231562e-01	   0.0000000000000000e+00	
  -5.7585576530809424e-01	   8.2991754337157309e-01	   0.0000000000000000e+00	
  -5.8205472697638172e-01	   8.2558178640212709e-01	   0.0000000000000000e+00	
  -5.8822104507786699e-01	   8.2119972805766295e-01	   0.0000000000000000e+00	
  -5.9435437378490330e-01	   8.1677161409860044e-01	   0.0000000000000000e+00	
  -5.9744205623143576e-01	   8.0822262083051155e-01	   0.0000000000000000e+00	
  -6.0347794304379132e-01	   8.0372581620588845e-01	   0.0000000000000000e+00	
  -6.0947998480406818e-01	   7.9918393596181592e-01	   0.0000000000000000e+00	
  -6.1544784489778237e-01	   7.9459723482205891e-01	   0.0000000000000000e+00	
  -6.2138118862747316e-01	   7.8996597002408619e-01	   0.0000000000000000e+00	
  -6.2727968323147099e-01	   7.8529040130464622e-01	   0.0000000000000000e+00	
  -6.3314299790256234e-01	   7.8057079088519765e-01	   0.0000000000000000e+00	
  -6.3897080380654059e-01	   7.7580740345720489e-01	   0.0000000000000000e+00	
  -6.4151186935728444e-01	   7.6711310865720606e-01	   0.0000000000000000e+00	
  -6.4723865831854144e-01	   7.6228742556729512e-01	   0.0000000000000000e+00	
  -6.5292914798112345e-01	   7.5741899086083408e-01	   0.0000000000000000e+00	
  -6.5858301920342577e-01	   7.5250807757584914e-01	   0.0000000000000000e+00	
  -6.6419995489752870e-01	   7.4755496113270548e-01	   0.0000000000000000e+00	
  -6.6977964004697854e-01	   7.4255991931866339e-01	   0.0000000000000000e+00	
  -6.7532176172445735e-01	   7.3752323227229610e-01	   0.0000000000000000e+00	
  -6.8082600910933089e-01	   7.3244518246778123e-01	   0.0000000000000000e+00	
  -6.8629207350508215e-01	   7.2732605469905642e-01	   0.0000000000000000e+00	
  -6.9171964835662225e-01	   7.2216613606384983e-01	   0.0000000000000000e+00	
  -6.9710842926748473e-01	   7.1696571594757597e-01	   0.0000000000000000e+00	
  -7.0245811401689684e-01	   7.1172508600710738e-01	   0.0000000000000000e+00	
  -7.0776840257672780e-01	   7.0644454015441793e-01	   0.0000000000000000e+00	
  -7.1303899712831642e-01	   7.0112437454009879e-01	   0.0000000000000000e+00	
  -7.1826960207917478e-01	   6.9576488753674826e-01	   0.0000000000000000e+00	
  -7.2345992407956361e-01	   6.9036637972224002e-01	   0.0000000000000000e+00	
  -7.2860967203894578e-01	   6.8492915386286479e-01	   0.0000000000000000e+00	
  -7.3371855714231216e-01	   6.7945351489634931e-01	   0.0000000000000000e+00	
  -7.3878629286637842e-01	   6.7393976991475557e-01	   0.0000000000000000e+00	
  -7.4381259499565378e-01	   6.6838822814725829e-01	   0.0000000000000000e+00	
  -7.4879718163838183e-01	   6.6279920094280154e-01	   0.0000000000000000e+00	
  -7.5373977324234986e-01	   6.5717300175263660e-01	   0.0000000000000000e+00	
  -7.5864009261056609e-01	   6.5150994611274482e-01	   0.0000000000000000e+00	
  -7.6349786491680660e-01	   6.4581035162613931e-01	   0.0000000000000000e+00	
  -7.6831281772102900e-01	   6.4007453794505287e-01	   0.0000000000000000e+00	
  -7.7700233984099121e-01	   6.3751719918588201e-01	   0.0000000000000000e+00	
  -7.8175480796619390e-01	   6.3168048537051247e-01	   0.0000000000000000e+00	
  -7.8646343267923335e-01	   6.2580834481060077e-01	   0.0000000000000000e+00	
  -7.9112794990475943e-01	   6.1990110683533972e-01	   0.0000000000000000e+00	
  -7.9574809804111812e-01	   6.1395910274229992e-01	   0.0000000000000000e+00	
  -8.0032361797502072e-01	   6.0798266577885274e-01	   0.0000000000000000e+00	
  -8.0485425309607717e-01	   6.0197213112347869e-01	   0.0000000000000000e+00	
  -8.0933974931118702e-01	   5.9592783586697140e-01	   0.0000000000000000e+00	
  -8.1788294676496820e-01	   5.9282415320694359e-01	   0.0000000000000000e+00	
  -8.2229957000191267e-01	   5.8668254483080295e-01	   0.0000000000000000e+00	
  -8.2667007594146125e-01	   5.8050803334442858e-01	   0.0000000000000000e+00	
  -8.3099421947109098e-01	   5.7430096503498052e-01	   0.0000000000000000e+00	
  -8.3527175807843745e-01	   5.6806168801551271e-01	   0.0000000000000000e+00	
  -8.3950245186489514e-01	   5.6179055220545249e-01	   0.0000000000000000e+00	
  -8.4791860233946892e-01	   5.5827463795300036e-01	   0.0000000000000000e+00	
  -8.5207564795416091e-01	   5.5190906654843852e-01	   0.0000000000000000e+00	
  -8.5618490632987876e-01	   5.4551254224606860e-01	   0.0000000000000000e+00	
  -8.6024614700573210e-01	   5.3908542378426871e-01	   0.0000000000000000e+00	
  -8.6425914221382316e-01	   5.3262807161723891e-01	   0.0000000000000000e+00	
  -8.7255756206785573e-01	   5.2876717492254599e-01	   0.0000000000000000e+00	
  -8.7649294045380677e-01	   5.2221791402824347e-01	   0.0000000000000000e+00	
  -8.8037916219773205e-01	   5.1563936541481159e-01	   0.0000000000000000e+00	
  -8.8421600934737921e-01	   5.0903189802915649e-01	   0.0000000000000000e+00	
  -8.8800326671958629e-01	   5.0239588244004696e-01	   0.0000000000000000e+00	
  -8.9616989768344013e-01	   4.9819393431476500e-01	   0.0000000000000000e+00	
  -8.9987565620408205e-01	   4.9146870202816040e-01	   0.0000000000000000e+00	
  -9.0353094670215639e-01	   4.8471590654060148e-01	   0.0000000000000000e+00	
  -9.1161893599316257e-01	   4.8029804811946902e-01	   0.0000000000000000e+00	
  -9.1519024208588884e-01	   4.7345762247475714e-01	   0.0000000000000000e+00	
  -9.1871022126308766e-01	   4.6659064375039289e-01	   0.0000000000000000e+00	
  -9.2217867611260806e-01	   4.5969749706940449e-01	   0.0000000000000000e+00	
  -9.3014752069611228e-01	   4.5500534887005734e-01	   0.0000000000000000e+00	
  -9.3352889454562216e-01	   4.4802687509335426e-01	   0.0000000000000000e+00	
  -9.3685791298692300e-01	   4.4102327447797379e-01	   0.0000000000000000e+00	
  -9.4473537327834944e-01	   4.3611889546890553e-01	   0.0000000000000000e+00	
  -9.4797490066173373e-01	   4.2903170538291985e-01	   0.0000000000000000e+00	
  -9.5116126245679422e-01	   4.2192045377061033e-01	   0.0000000000000000e+00	
  -9.5894181703948955e-01	   4.1680559890003771e-01	   0.0000000000000000e+00	
  -9.6203631209707929e-01	   4.0961256077916847e-01	   0.0000000000000000e+00	
  -9.6507685295558043e-01	   4.0239655022225285e-01	   0.0000000000000000e+00	
  -9.7275501352958471e-01	   3.9707311557142105e-01	   0.0000000000000000e+00	
  -9.7570134807120201e-01	   3.8977718613148304e-01	   0.0000000000000000e+00	
  -9.8331286377916094e-01	   3.8430405615890523e-01	   0.0000000000000000e+00	
  -9.8616327697317552e-01	   3.7692941886152881e-01	   0.0000000000000000e+00	
  -9.8895838284758975e-01	   3.6953364210751077e-01	   0.0000000000000000e+00	
  -9.9645817516185076e-01	   3.6385530295188012e-01	   0.0000000000000000e+00	
  -9.9915508254668051e-01	   3.5638279609743539e-01	   0.0000000000000000e+00	
  -1.0065816034499295e+00	   3.5055697552707571e-01	   0.0000000000000000e+00	
  -1.0091786380720336e+00	   3.4300902896803959e-01	   0.0000000000000000e+00	
  -1.0165291494360700e+00	   3.3703665599580912e-01	   0.0000000000000000e+00	
  -1.0190246537668091e+00	   3.2941459310949156e-01	   0.0000000000000000e+00	
  -1.0262964289751064e+00	   3.2329664572438849e-01	   0.0000000000000000e+00	
  -1.0286887628433159e+00	   3.1560182265567571e-01	   0.0000000000000000e+00	
  -1.0358790876444397e+00	   3.0933932768460287e-01	   0.0000000000000000e+00	
  -1.0381666288467253e+00	   3.0157313312108014e-01	   0.0000000000000000e+00	
  -1.0452728022061655e+00	   2.9516716607603266e-01	   0.0000000000000000e+00	
  -1.0474539471143307e+00	   2.8733102101216723e-01	   0.0000000000000000e+00	
  -1.0544732820645017e+00	   2.8078270592284332e-01	   0.0000000000000000e+00	
  -1.0565464462299128e+00	   2.7287806341327253e-01	   0.0000000000000000e+00	
  -1.0634762707180787e+00	   2.6618857264514151e-01	   0.0000000000000000e+00	
  -1.0654398894727812e+00	   2.5821691754708403e-01	   0.0000000000000000e+00	
  -1.0722775472066584e+00	   2.5138747160493158e-01	   0.0000000000000000e+00	
  -1.0741300762610506e+00	   2.4335032030979004e-01	   0.0000000000000000e+00	
  -1.0808729275518443e+00	   2.3638218762676430e-01	   0.0000000000000000e+00	
  -1.0875713756967615e+00	   2.2932665001505531e-01	   0.0000000000000000e+00	
  -1.0892582661913510e+00	   2.2117558449314945e-01	   0.0000000000000000e+00	
  -1.0958577030220418e+00	   2.1398329456244400e-01	   0.0000000000000000e+00	
  -1.1024102265020419e+00	   2.0670451033500106e-01	   0.0000000000000000e+00	
  -1.1039272875806063e+00	   1.9844295357618805e-01	   0.0000000000000000e+00	
  -1.1103766344981727e+00	   1.9102947049160762e-01	   0.0000000000000000e+00	
  -1.1117760845102695e+00	   1.8270869422883654e-01	   0.0000000000000000e+00	
  -1.1181196884861919e+00	   1.7516197842030082e-01	   0.0000000000000000e+00	
  -1.1244123316733734e+00	   1.6753045322061391e-01	   0.0000000000000000e+00	
  -1.1306530992748463e+00	   1.5981446076193737e-01	   0.0000000000000000e+00	
  -1.1318182168665238e+00	   1.5134271286562331e-01	   0.0000000000000000e+00	
  -1.1379476091752272e+00	   1.4349648224231859e-01	   0.0000000000000000e+00	
  -1.1440226775034357e+00	   1.3556689993726495e-01	   0.0000000000000000e+00	
  -1.1500425169367083e+00	   1.2755434166625060e-01	   0.0000000000000000e+00	
  -1.1509655003381047e+00	   1.1893829438614816e-01	   0.0000000000000000e+00	
  -1.1568684181440152e+00	   1.1079871056287710e-01	   0.0000000000000000e+00	
  -1.1627136911311240e+00	   1.0257735822868318e-01	   0.0000000000000000e+00	
  -1.1685004254591249e+00	   9.4274646392292494e-02	   0.0000000000000000e+00	
  -1.1691736653608149e+00	   8.5521304230611994e-02	   0.0000000000000000e+00	
  -1.1748380257570792e+00	   7.7094994996237731e-02	   0.0000000000000000e+00	
  -1.1804414673499337e+00	   6.8588624631305634e-02	   0.0000000000000000e+00	
  -1.1859831085561010e+00	   6.0002635105529639e-02	   0.0000000000000000e+00	
  -1.1914620710113570e+00	   5.1337477103506092e-02	   0.0000000000000000e+00	
  -1.1968774796516233e+00	   4.2593610001166106e-02	   0.0000000000000000e+00	
  -1.2022284627938880e+00	   3.3771501841502502e-02	   0.0000000000000000e+00	
  -1.2075141522169455e+00	   2.4871629309574116e-02	   0.0000000000000000e+00	
  -1.2127336832419513e+00	   1.5894477706790235e-02	   0.0000000000000000e+00	
  -1.2178861948127853e+00	   6.8405409244619792e-03	   0.0000000000000000e+00	
  -1.2229708295762156e+00	  -2.2896785833554879e-03	   0.0000000000000000e+00	
  -1.2279867339618593e+00	  -1.1495669827743233e-02	   0.0000000000000000e+00	
  -1.2329330582619318e+00	  -2.0776913313518008e-02	   0.0000000000000000e+00	
  -1.2378089567107780e+00	  -3.0132881068548188e-02	   0.0000000000000000e+00	
  -1.2426135875641822e+00	  -3.9563036673778286e-02	   0.0000000000000000e+00	
  -1.2473461131784465e+00	  -4.9066835293971413e-02	   0.0000000000000000e+00	
  -1.2520057000892357e+00	  -5.8643723709162508e-02	   0.0000000000000000e+00	
  -1.2565915190901764e+00	  -6.8293140346814635e-02	   0.0000000000000000e+00	
  -1.2611027453112129e+00	  -7.8014515314688157e-02	   0.0000000000000000e+00	
  -1.2655385582967049e+00	  -8.7807270434414095e-02	   0.0000000000000000e+00	
  -1.2698981420832653e+00	  -9.7670819275768234e-02	   0.0000000000000000e+00	
  -1.2741806852773336e+00	  -1.0760456719164620e-01	   0.0000000000000000e+00	
  -1.2783853811324735e+00	  -1.1760791135374010e-01	   0.0000000000000000e+00	
  -1.2825114276263934e+00	  -1.2768024078891274e-01	   0.0000000000000000e+00	
  -1.2865580275376811e+00	  -1.3782093641626050e-01	   0.0000000000000000e+00	
  -1.2905243885222484e+00	  -1.4802937108487482e-01	   0.0000000000000000e+00	
  -1.2944097231894764e+00	  -1.5830490961229335e-01	   0.0000000000000000e+00	
  -1.2982132491780605e+00	  -1.6864690882363376e-01	   0.0000000000000000e+00	
  -1.3019341892315435e+00	  -1.7905471759141800e-01	   0.0000000000000000e+00	
  -1.3055717712735340e+00	  -1.8952767687607947e-01	   0.0000000000000000e+00	
  -1.3091252284826056e+00	  -2.0006511976714858e-01	   0.0000000000000000e+00	
  -1.3125937993668670e+00	  -2.1066637152511231e-01	   0.0000000000000000e+00	
  -1.3159767278381969e+00	  -2.2133074962396132e-01	   0.0000000000000000e+00	
  -1.3192732632861452e+00	  -2.3205756379439754e-01	   0.0000000000000000e+00	
  -1.3224826606514837e+00	  -2.4284611606771583e-01	   0.0000000000000000e+00	
  -1.3256041804994099e+00	  -2.5369570082035442e-01	   0.0000000000000000e+00	
  -1.3286370890923900e+00	  -2.6460560481911061e-01	   0.0000000000000000e+00	
  -1.3315806584626442e+00	  -2.7557510726701223e-01	   0.0000000000000000e+00	
  -1.3344341664842594e+00	  -2.8660347984985413e-01	   0.0000000000000000e+00	
  -1.3371968969449290e+00	  -2.9768998678338826e-01	   0.0000000000000000e+00	
  -1.3398681396173131e+00	  -3.0883388486116642e-01	   0.0000000000000000e+00	
  -1.3424471903300135e+00	  -3.2003442350302724e-01	   0.0000000000000000e+00	
  -1.3449333510381547e+00	  -3.3129084480424309e-01	   0.0000000000000000e+00	
  -1.3473259298935694e+00	  -3.4260238358529754e-01	   0.0000000000000000e+00	
  -1.3496242413145831e+00	  -3.5396826744230714e-01	   0.0000000000000000e+00	
  -1.3518276060553858e+00	  -3.6538771679808157e-01	   0.0000000000000000e+00	
  -1.3539353512749921e+00	  -3.7685994495381958e-01	   0.0000000000000000e+00	
  -1.3559468106057817e+00	  -3.8838415814142724e-01	   0.0000000000000000e+00	
  -1.3578613242216149e+00	  -3.9995955557647123e-01	   0.0000000000000000e+00	
  -1.3596782389055138e+00	  -4.1158532951175353e-01	   0.0000000000000000e+00	
  -1.3613969081169126e+00	  -4.2326066529150241e-01	   0.0000000000000000e+00	
  -1.3630166920584612e+00	  -4.3498474140618343e-01	   0.0000000000000000e+00	
  -1.3645369577423840e+00	  -4.4675672954792450e-01	   0.0000000000000000e+00	
  -1.3659570790563846e+00	  -4.5857579466654697e-01	   0.0000000000000000e+00	
  -1.3672764368290946e+00	  -4.7044109502620163e-01	   0.0000000000000000e+00	
  -1.3684944188950552e+00	  -4.8235178226261016e-01	   0.0000000000000000e+00	
  -1.3696104201592332e+00	  -4.9430700144090517e-01	   0.0000000000000000e+00	
  -1.3706238426610609e+00	  -5.0630589111405755e-01	   0.0000000000000000e+00	
  -1.3715340956379980e+00	  -5.1834758338190146e-01	   0.0000000000000000e+00	
  -1.3723405955886065e+00	  -5.3043120395074461e-01	   0.0000000000000000e+00	
  -1.3730427663351388e+00	  -5.4255587219355650e-01	   0.0000000000000000e+00	
  -1.3736400390856272e+00	  -5.5472070121073969e-01	   0.0000000000000000e+00	
  -1.3741318524954762e+00	  -5.6692479789147521e-01	   0.0000000000000000e+00	
  -1.3745176527285463e+00	  -5.7916726297563714e-01	   0.0000000000000000e+00	
  -1.3747968935177315e+00	  -5.9144719111627120e-01	   0.0000000000000000e+00	
  -1.3749690362250171e+00	  -6.0376367094263905e-01	   0.0000000000000000e+00	
  -1.3750335499010184e+00	  -6.1611578512382181e-01	   0.0000000000000000e+00	
  -1.3749899113439950e+00	  -6.2850261043287037e-01	   0.0000000000000000e+00	
  -1.3748376051583335e+00	  -6.4092321781151063e-01	   0.0000000000000000e+00	
  -1.3745761238124941e+00	  -6.5337667243539443e-01	   0.0000000000000000e+00	
  -1.3742049676964192e+00	  -6.6586203377988462e-01	   0.0000000000000000e+00	
  -1.3737236451783947e+00	  -6.7837835568638227e-01	   0.0000000000000000e+00	
  -1.3731316726613609e+00	  -6.9092468642918448e-01	   0.0000000000000000e+00	
  -1.3724285746386715e+00	  -7.0350006878286775e-01	   0.0000000000000000e+00	
  -1.3716138837492931e+00	  -7.1610354009018939e-01	   0.0000000000000000e+00	
  -1.3706871408324346e+00	  -7.2873413233052031e-01	   0.0000000000000000e+00	
  -1.3696478949816147e+00	  -7.4139087218877697e-01	   0.0000000000000000e+00	
  -1.3684957035981544e+00	  -7.5407278112486720e-01	   0.0000000000000000e+00	
  -1.3672301324440905e+00	  -7.6677887544364132e-01	   0.0000000000000000e+00	
  -1.3658507556945032e+00	  -7.7950816636534292e-01	   0.0000000000000000e+00	
  -1.3643571559892647e+00	  -7.9225966009654802e-01	   0.0000000000000000e+00	
  -1.3627489244841893e+00	  -8.0503235790159988e-01	   0.0000000000000000e+00	
  -1.3610256609015896e+00	  -8.1782525617452684e-01	   0.0000000000000000e+00	
  -1.3591869735802338e+00	  -8.3063734651143861e-01	   0.0000000000000000e+00	
  -1.3572324795246982e+00	  -8.4346761578339335e-01	   0.0000000000000000e+00	
  -1.3551618044541067e+00	  -8.5631504620974519e-01	   0.0000000000000000e+00	
  -1.3529745828502628e+00	  -8.6917861543194697e-01	   0.0000000000000000e+00	
  -1.3506704580051612e+00	  -8.8205729658781284e-01	   0.0000000000000000e+00	
  -1.3482490820678776e+00	  -8.9495005838624053e-01	   0.0000000000000000e+00	
  -1.3457101160908329e+00	  -9.0785586518238104e-01	   0.0000000000000000e+00	
  -1.3430532300754283e+00	  -9.2077367705324653e-01	   0.0000000000000000e+00	
  -1.3402781030170470e+00	  -9.3370244987376605e-01	   0.0000000000000000e+00	
  -1.3373844229494141e+00	  -9.4664113539327110e-01	   0.0000000000000000e+00	
  -1.3343718869883219e+00	  -9.5958868131240516e-01	   0.0000000000000000e+00	
  -1.3312402013747011e+00	  -9.7254403136046252e-01	   0.0000000000000000e+00	
  -1.3279890815170483e+00	  -9.8550612537314319e-01	   0.0000000000000000e+00	
  -1.3246182520331962e+00	  -9.9847389937071795e-01	   0.0000000000000000e+00	
  -1.3211274467914311e+00	  -1.0114462856365989e+00	   0.0000000000000000e+00	
  -1.3175164089509439e+00	  -1.0244222127963165e+00	   0.0000000000000000e+00	
  -1.3137848910016185e+00	  -1.0374006058968910e+00	   0.0000000000000000e+00	
  -1.3099326548031549e+00	  -1.0503803864865873e+00	   0.0000000000000000e+00	
  -1.3059594716235152e+00	  -1.0633604726950634e+00	   0.0000000000000000e+00	
  -1.3018651221766955e+00	  -1.0763397793138965e+00	   0.0000000000000000e+00	
  -1.2976493966598237e+00	  -1.0893172178774737e+00	   0.0000000000000000e+00	
  -1.2933120947895644e+00	  -1.1022916967442649e+00	   0.0000000000000000e+00	
  -1.2888530258378494e+00	  -1.1152621211784441e+00	   0.0000000000000000e+00	
  -1.2842720086669106e+00	  -1.1282273934318761e+00	   0.0000000000000000e+00	
  -1.2795688717636233e+00	  -1.1411864128264513e+00	   0.0000000000000000e+00	
  -1.2747434532731534e+00	  -1.1541380758367625e+00	   0.0000000000000000e+00	
  -1.2697956010319038e+00	  -1.1670812761731253e+00	   0.0000000000000000e+00	
  -1.2647251725997624e+00	  -1.1800149048649284e+00	   0.0000000000000000e+00	
  -1.2595320352916393e+00	  -1.1929378503443120e+00	   0.0000000000000000e+00	
  -1.2542160662082984e+00	  -1.2058489985301708e+00	   0.0000000000000000e+00	
  -1.2487771522664779e+00	  -1.2187472329124656e+00	   0.0000000000000000e+00	
  -1.2432151902282940e+00	  -1.2316314346368507e+00	   0.0000000000000000e+00	
  -1.2375300867299273e+00	  -1.2445004825896040e+00	   0.0000000000000000e+00	
  -1.2317217583095919e+00	  -1.2573532534828498e+00	   0.0000000000000000e+00	
  -1.2257901314347752e+00	  -1.2701886219400813e+00	   0.0000000000000000e+00	
  -1.2197351425287577e+00	  -1.2830054605819596e+00	   0.0000000000000000e+00	
  -1.2135567379964007e+00	  -1.2958026401123990e+00	   0.0000000000000000e+00	
  -1.2072548742492011e+00	  -1.3085790294049233e+00	   0.0000000000000000e+00	
  -1.2008295177296162e+00	  -1.3213334955892870e+00	   0.0000000000000000e+00	
  -1.1942806449346464e+00	  -1.3340649041383617e+00	   0.0000000000000000e+00	
  -1.1876082424386851e+00	  -1.3467721189552733e+00	   0.0000000000000000e+00	
  -1.1808123069156204e+00	  -1.3594540024607900e+00	   0.0000000000000000e+00	
  -1.1738928451601947e+00	  -1.3721094156809543e+00	   0.0000000000000000e+00	
  -1.1668498741086211e+00	  -1.3847372183349451e+00	   0.0000000000000000e+00	
  -1.1596834208584428e+00	  -1.3973362689231785e+00	   0.0000000000000000e+00	
  -1.1523935226876518e+00	  -1.4099054248156224e+00	   0.0000000000000000e+00	
  -1.1449802270730465e+00	  -1.4224435423403357e+00	   0.0000000000000000e+00	
  -1.1374435917078312e+00	  -1.4349494768722171e+00	   0.0000000000000000e+00	
  -1.1297836845184706e+00	  -1.4474220829219540e+00	   0.0000000000000000e+00	
  -1.1220005836807672e+00	  -1.4598602142251764e+00	   0.0000000000000000e+00	
  -1.1140943776351926e+00	  -1.4722627238317958e+00	   0.0000000000000000e+00	
  -1.1060651651014450e+00	  -1.4846284641955332e+00	   0.0000000000000000e+00	
  -1.0979130550922416e+00	  -1.4969562872636291e+00	   0.0000000000000000e+00	
  -1.0896381669263504e+00	  -1.5092450445667156e+00	   0.0000000000000000e+00	
  -1.0812406302408435e+00	  -1.5214935873088680e+00	   0.0000000000000000e+00	
  -1.0727205850025865e+00	  -1.5337007664578044e+00	   0.0000000000000000e+00	
  -1.0640781815189513e+00	  -1.5458654328352444e+00	   0.0000000000000000e+00	
  -1.0553135804477520e+00	  -1.5579864372074148e+00	   0.0000000000000000e+00	
  -1.0464269528064134e+00	  -1.5700626303756888e+00	   0.0000000000000000e+00	
  -1.0374184799803501e+00	  -1.5820928632673690e+00	   0.0000000000000000e+00	
  -1.0282883537305776e+00	  -1.5940759870265857e+00	   0.0000000000000000e+00	
  -1.0190367762005357e+00	  -1.6060108531053237e+00	   0.0000000000000000e+00	
  -1.0096639599221309e+00	  -1.6178963133545621e+00	   0.0000000000000000e+00	
  -1.0001701278209996e+00	  -1.6297312201155136e+00	   0.0000000000000000e+00	
  -9.9055551322097990e-01	  -1.6415144263109764e+00	   0.0000000000000000e+00	
  -9.8082035984780724e-01	  -1.6532447855367676e+00	   0.0000000000000000e+00	
  -9.7096492183201344e-01	  -1.6649211521532516e+00	   0.0000000000000000e+00	
  -9.6098946371104199e-01	  -1.6765423813769491e+00	   0.0000000000000000e+00	
  -9.5089426043057834e-01	  -1.6881073293722124e+00	   0.0000000000000000e+00	
  -9.4067959734508333e-01	  -1.6996148533429767e+00	   0.0000000000000000e+00	
  -9.3034577021753695e-01	  -1.7110638116245678e+00	   0.0000000000000000e+00	
  -9.1989308521839830e-01	  -1.7224530637755608e+00	   0.0000000000000000e+00	
  -9.0932185892375972e-01	  -1.7337814706696935e+00	   0.0000000000000000e+00	
  -8.9863241831272034e-01	  -1.7450478945878103e+00	   0.0000000000000000e+00	
  -8.8782510076395849e-01	  -1.7562511993098480e+00	   0.0000000000000000e+00	
  -8.7690025405150707e-01	  -1.7673902502068448e+00	   0.0000000000000000e+00	
  -8.6585823633974512e-01	  -1.7784639143329675e+00	   0.0000000000000000e+00	
  -8.5469941617757761e-01	  -1.7894710605175563e+00	   0.0000000000000000e+00	
  -8.4342417249183455e-01	  -1.8004105594571738e+00	   0.0000000000000000e+00	
  -8.3203289457986385e-01	  -1.8112812838076522e+00	   0.0000000000000000e+00	
  -8.2052598210132621e-01	  -1.8220821082761378e+00	   0.0000000000000000e+00	
  -8.0890384506920221e-01	  -1.8328119097131164e+00	   0.0000000000000000e+00	
  -7.9716690383998956e-01	  -1.8434695672044250e+00	   0.0000000000000000e+00	
  -7.8531558910311428e-01	  -1.8540539621632275e+00	   0.0000000000000000e+00	
  -7.7335034186953544e-01	  -1.8645639784219630e+00	   0.0000000000000000e+00	
  -7.6127161345955219e-01	  -1.8749985023242530e+00	   0.0000000000000000e+00	
  -7.4907986548982297e-01	  -1.8853564228167550e+00	   0.0000000000000000e+00	
  -7.3677556985956993e-01	  -1.8956366315409687e+00	   0.0000000000000000e+00	
  -7.2435920873600323e-01	  -1.9058380229249763e+00	   0.0000000000000000e+00	
  -7.1183127453893447e-01	  -1.9159594942751159e+00	   0.0000000000000000e+00	
  -6.9919226992459582e-01	  -1.9259999458675816e+00	   0.0000000000000000e+00	
  -6.8644270776866967e-01	  -1.9359582810399378e+00	   0.0000000000000000e+00	
  -6.7358311114850711e-01	  -1.9458334062825511e+00	   0.0000000000000000e+00	
  -6.6061401332456438e-01	  -1.9556242313299188e+00	   0.0000000000000000e+00	
  -6.4753595772103445e-01	  -1.9653296692519033e+00	   0.0000000000000000e+00	
  -6.3434949790568196e-01	  -1.9749486365448532e+00	   0.0000000000000000e+00	
  -6.2105519756889249e-01	  -1.9844800532226081e+00	   0.0000000000000000e+00	
  -6.0765363050191457e-01	  -1.9939228429073843e+00	   0.0000000000000000e+00	
  -5.9414538057431987e-01	  -2.0032759329205256e+00	   0.0000000000000000e+00	
  -5.8053104171066361e-01	  -2.0125382543731254e+00	   0.0000000000000000e+00	
  -5.6681121786635014e-01	  -2.0217087422564979e+00	   0.0000000000000000e+00	
  -5.5298652300271778e-01	  -2.0307863355325066e+00	   0.0000000000000000e+00	
  -5.3905758106131929e-01	  -2.0397699772237310e+00	   0.0000000000000000e+00	
  -5.2502502593742584e-01	  -2.0486586145034726e+00	   0.0000000000000000e+00	
  -5.1088950145273404e-01	  -2.0574511987855910e+00	   0.0000000000000000e+00	
  -4.9665166132728333e-01	  -2.0661466858141631e+00	   0.0000000000000000e+00	
  -4.8231216915060277e-01	  -2.0747440357529539e+00	   0.0000000000000000e+00	
  -4.6787169835204773e-01	  -2.0832422132747075e+00	   0.0000000000000000e+00	
  -4.5333093217037479e-01	  -2.0916401876502309e+00	   0.0000000000000000e+00	
  -4.3869056362252284e-01	  -2.0999369328372772e+00	   0.0000000000000000e+00	
  -4.2395129547161337e-01	  -2.1081314275692224e+00	   0.0000000000000000e+00	
  -4.0911384019417940e-01	  -2.1162226554435173e+00	   0.0000000000000000e+00	
  -3.9417891994660453e-01	  -2.1242096050099208e+00	   0.0000000000000000e+00	
  -3.7914726653078656e-01	  -2.1320912698585039e+00	   0.0000000000000000e+00	
  -3.6401962135903465e-01	  -2.1398666487074105e+00	   0.0000000000000000e+00	
  -3.4879673541818546e-01	  -2.1475347454903781e+00	   0.0000000000000000e+00	
  -3.3347936923294713e-01	  -2.1550945694440080e+00	   0.0000000000000000e+00	
  -3.1806829282848281e-01	  -2.1625451351947751e+00	   0.0000000000000000e+00	
  -3.0256428569220378e-01	  -2.1698854628457784e+00	   0.0000000000000000e+00	
  -2.8696813673482652e-01	  -2.1771145780632164e+00	   0.0000000000000000e+00	
  -2.7128064425063336e-01	  -2.1842315121625875e+00	   0.0000000000000000e+00	
  -2.5550261587699508e-01	  -2.1912353021946056e+00	   0.0000000000000000e+00	
  -2.3963486855312063e-01	  -2.1981249910308271e+00	   0.0000000000000000e+00	
  -2.2367822847804908e-01	  -2.2048996274489787e+00	   0.0000000000000000e+00	
  -2.0763353106789584e-01	  -2.2115582662179807e+00	   0.0000000000000000e+00	
  -1.9150162091232040e-01	  -2.2180999681826656e+00	   0.0000000000000000e+00	
  -1.7528335173027537e-01	  -2.2245238003481727e+00	   0.0000000000000000e+00	
  -1.5897958632497244e-01	  -2.2308288359640258e+00	   0.0000000000000000e+00	
  -1.4259119653812546e-01	  -2.2370141546078761e+00	   0.0000000000000000e+00	
  -1.2611906320343752e-01	  -2.2430788422689143e+00	   0.0000000000000000e+00	
  -1.0956407609934564e-01	  -2.2490219914309342e+00	   0.0000000000000000e+00	
  -9.2927133901034339e-02	  -2.2548427011550531e+00	   0.0000000000000000e+00	
  -7.6209144131701101e-02	  -2.2605400771620707e+00	   0.0000000000000000e+00	
  -5.9411023113086575e-02	  -2.2661132319144728e+00	   0.0000000000000000e+00	
  -4.2533695915284497e-02	  -2.2715612846980613e+00	   0.0000000000000000e+00	
  -2.5578096305813161e-02	  -2.2768833617032103e+00	   0.0000000000000000e+00	
  -8.5451666979605399e-03	  -2.2820785961057459e+00	   0.0000000000000000e+00	
   8.5641419015829532e-03	  -2.2871461281474312e+00	   0.0000000000000000e+00	
   2.5691945399162478e-02	  -2.2870178573784474e+00	   0.0000000000000000e+00	
   4.2913178704119752e-02	  -2.2918280024797539e+00	   0.0000000000000000e+00	
   6.0207892275557180e-02	  -2.2965081932963360e+00	   0.0000000000000000e+00	
   7.7575103399184900e-02	  -2.3010575990828248e+00	   0.0000000000000000e+00	
   9.5013821039530613e-02	  -2.3054753965402708e+00	   0.0000000000000000e+00	
   1.1252304589647724e-01	  -2.3097607698941851e+00	   0.0000000000000000e+00	
   1.3010177046249344e-01	  -2.3139129109721428e+00	   0.0000000000000000e+00	
   1.4774897908057463e-01	  -2.3179310192809566e+00	   0.0000000000000000e+00	
   1.6546364800287919e-01	  -2.3218143020834043e+00	   0.0000000000000000e+00	
   1.8284667576405711e-01	  -2.3205100657681923e+00	   0.0000000000000000e+00	
   2.0065534027307624e-01	  -2.3241244734903348e+00	   0.0000000000000000e+00	
   2.1852837034065994e-01	  -2.3276020079434869e+00	   0.0000000000000000e+00	
   2.3646471257549853e-01	  -2.3309419079815039e+00	   0.0000000000000000e+00	
   2.5446330579743137e-01	  -2.3341434205751335e+00	   0.0000000000000000e+00	
   2.7193616850614327e-01	  -2.3321723354138602e+00	   0.0000000000000000e+00	
   2.9001837102159034e-01	  -2.3350993833019831e+00	   0.0000000000000000e+00	
   3.0815962990909057e-01	  -2.3378861161355768e+00	   0.0000000000000000e+00	
   3.2635885557701860e-01	  -2.3405318138174587e+00	   0.0000000000000000e+00	
   3.4387754379215413e-01	  -2.3380221361186169e+00	   0.0000000000000000e+00	
   3.6215187890363426e-01	  -2.3403893000468621e+00	   0.0000000000000000e+00	
   3.8048091091812930e-01	  -2.3426136004766933e+00	   0.0000000000000000e+00	
   3.9801367160267992e-01	  -2.3396985536450674e+00	   0.0000000000000000e+00	
   4.1641135044878902e-01	  -2.3416415818726781e+00	   0.0000000000000000e+00	
   4.3486040347510480e-01	  -2.3434399942681772e+00	   0.0000000000000000e+00	
   4.5239782798901823e-01	  -2.3401176856040777e+00	   0.0000000000000000e+00	
   4.7090898020177641e-01	  -2.3416322376927576e+00	   0.0000000000000000e+00	
   4.8946813279772827e-01	  -2.3430004990790727e+00	   0.0000000000000000e+00	
   5.0700073471619667e-01	  -2.3392692548542833e+00	   0.0000000000000000e+00	
   5.2561535732587639e-01	  -2.3403512206092443e+00	   0.0000000000000000e+00	
   5.4312710562557964e-01	  -2.3363493503324304e+00	   0.0000000000000000e+00	
   5.6179277747911305e-01	  -2.3371436676578332e+00	   0.0000000000000000e+00	
   5.7927949049182503e-01	  -2.3328709608541005e+00	   0.0000000000000000e+00	
   5.9799176276898491e-01	  -2.3333763452731247e+00	   0.0000000000000000e+00	
   6.1674402188681066e-01	  -2.3337320235810339e+00	   0.0000000000000000e+00	
   6.3420364475993873e-01	  -2.3290478920352742e+00	   0.0000000000000000e+00	
   6.5299570714771782e-01	  -2.3291125654958207e+00	   0.0000000000000000e+00	
   6.7041971913682963e-01	  -2.3241570808567058e+00	   0.0000000000000000e+00	
   6.8924706638977173e-01	  -2.3239296392408688e+00	   0.0000000000000000e+00	
   7.0663124778788278e-01	  -2.3187028197504831e+00	   0.0000000000000000e+00	
   7.2548933720882924e-01	  -2.3181822230171485e+00	   0.0000000000000000e+00	
   7.4282946090258295e-01	  -2.3126841525663666e+00	   0.0000000000000000e+00	
   7.6012792424722231e-01	  -2.3070563790891727e+00	   0.0000000000000000e+00	
   7.7900555908404023e-01	  -2.3061002596942823e+00	   0.0000000000000000e+00	
   7.9625370235028481e-01	  -2.3002017542683810e+00	   0.0000000000000000e+00	
   8.1515071547529538e-01	  -2.2989504587349265e+00	   0.0000000000000000e+00	
   8.3234430154255279e-01	  -2.2927814689470636e+00	   0.0000000000000000e+00	
   8.5125607789904112e-01	  -2.2912342051372665e+00	   0.0000000000000000e+00	
   8.6839086581689995e-01	  -2.2847950448818892e+00	   0.0000000000000000e+00	
   8.8547695148405137e-01	  -2.2782277457141049e+00	   0.0000000000000000e+00	
   9.0438451703600509e-01	  -2.2762421424515362e+00	   0.0000000000000000e+00	
   9.2140554216723680e-01	  -2.2694055328632450e+00	   0.0000000000000000e+00	
   9.4031635710161920e-01	  -2.2671225612109729e+00	   0.0000000000000000e+00	
   9.5726807967015526e-01	  -2.2600171199858807e+00	   0.0000000000000000e+00	
   9.7416611545795329e-01	  -2.2527849294768960e+00	   0.0000000000000000e+00	
   9.9305564790957734e-01	  -2.2500625131048042e+00	   0.0000000000000000e+00	
   1.0098781318170169e+00	  -2.2425625948014005e+00	   0.0000000000000000e+00	
   1.0266439783968480e+00	  -2.2349369061219848e+00	   0.0000000000000000e+00	
   1.0455020116105229e+00	  -2.2317748566253335e+00	   0.0000000000000000e+00	
   1.0621860717232419e+00	  -2.2238826893484793e+00	   0.0000000000000000e+00	
   1.0788105609049441e+00	  -2.2158657993268989e+00	   0.0000000000000000e+00	
   1.0976268590952953e+00	  -2.2122641659267179e+00	   0.0000000000000000e+00	
   1.1141633453364013e+00	  -2.2039821917519298e+00	   0.0000000000000000e+00	
   1.1306373455879495e+00	  -2.1955766109185704e+00	   0.0000000000000000e+00	
   1.1494016594679093e+00	  -2.1915356812175166e+00	   0.0000000000000000e+00	
   1.1657814618035931e+00	  -2.1828665557363296e+00	   0.0000000000000000e+00	
   1.1820958832339044e+00	  -2.1740750078317364e+00	   0.0000000000000000e+00	
   1.1983440087917812e+00	  -2.1651615305630090e+00	   0.0000000000000000e+00	
   1.2170120089904883e+00	  -2.1605419001904163e+00	   0.0000000000000000e+00	
   1.2331578083285049e+00	  -2.1513673215571343e+00	   0.0000000000000000e+00	
   1.2492344480713362e+00	  -2.1420720870823611e+00	   0.0000000000000000e+00	
   1.2652410265875043e+00	  -2.1326567180737919e+00	   0.0000000000000000e+00	
   1.2837948545797897e+00	  -2.1274605472277059e+00	   0.0000000000000000e+00	
   1.2996910406578523e+00	  -2.1177867710158318e+00	   0.0000000000000000e+00	
   1.3155143357355674e+00	  -2.1079942222715324e+00	   0.0000000000000000e+00	
   1.3312638523898652e+00	  -2.0980834501935446e+00	   0.0000000000000000e+00	
   1.3469387073354226e+00	  -2.0880550106109599e+00	   0.0000000000000000e+00	
   1.3653168209741380e+00	  -2.0821472146929492e+00	   0.0000000000000000e+00	
   1.3808713772933334e+00	  -2.0718642051689931e+00	   0.0000000000000000e+00	
   1.3963484897486413e+00	  -2.0614649986029887e+00	   0.0000000000000000e+00	
   1.4117472903320751e+00	  -2.0509501782170565e+00	   0.0000000000000000e+00	
   1.4270669154276299e+00	  -2.0403203337173315e+00	   0.0000000000000000e+00	
   1.4423065058597317e+00	  -2.0295760612608791e+00	   0.0000000000000000e+00	
   1.4604315540383110e+00	  -2.0228266159936839e+00	   0.0000000000000000e+00	
   1.4755392014296993e+00	  -2.0118329720549419e+00	   0.0000000000000000e+00	
   1.4905640956704691e+00	  -2.0007264978255499e+00	   0.0000000000000000e+00	
   1.5055053941145284e+00	  -1.9895078161935611e+00	   0.0000000000000000e+00	
   1.5203622588041232e+00	  -1.9781775563399859e+00	   0.0000000000000000e+00	
   1.5351338565168178e+00	  -1.9667363537035198e+00	   0.0000000000000000e+00	
   1.5498193588122386e+00	  -1.9551848499448934e+00	   0.0000000000000000e+00	
   1.5644179420785276e+00	  -1.9435236929108941e+00	   0.0000000000000000e+00	
   1.5821358196453836e+00	  -1.9356772066114303e+00	   0.0000000000000000e+00	
   1.5965874073213908e+00	  -1.9237745841919107e+00	   0.0000000000000000e+00	
   1.6109494530604105e+00	  -1.9117640700892893e+00	   0.0000000000000000e+00	
   1.6252211513911032e+00	  -1.8996463378931818e+00	   0.0000000000000000e+00	
   1.6394017019091167e+00	  -1.8874220672063500e+00	   0.0000000000000000e+00	
   1.6534903093219699e+00	  -1.8750919436065894e+00	   0.0000000000000000e+00	
   1.6674861834936561e+00	  -1.8626566586082796e+00	   0.0000000000000000e+00	
   1.6813885394889612e+00	  -1.8501169096235994e+00	   0.0000000000000000e+00	
   1.6951965976174741e+00	  -1.8374733999234218e+00	   0.0000000000000000e+00	
   1.7089095834773305e+00	  -1.8247268385978588e+00	   0.0000000000000000e+00	
   1.7225267279986283e+00	  -1.8118779405165073e+00	   0.0000000000000000e+00	
   1.7360472674865717e+00	  -1.7989274262883448e+00	   0.0000000000000000e+00	
   1.7494704436642947e+00	  -1.7858760222213232e+00	   0.0000000000000000e+00	
   1.7627955037153911e+00	  -1.7727244602816312e+00	   0.0000000000000000e+00	
   1.7760217003261340e+00	  -1.7594734780526440e+00	   0.0000000000000000e+00	
   1.7891482917273835e+00	  -1.7461238186935615e+00	   0.0000000000000000e+00	
   1.8021745417361967e+00	  -1.7326762308977202e+00	   0.0000000000000000e+00	
   1.8150997197971042e+00	  -1.7191314688506152e+00	   0.0000000000000000e+00	
   1.8279231010230941e+00	  -1.7054902921875916e+00	   0.0000000000000000e+00	
   1.8406439662362550e+00	  -1.6917534659512501e+00	   0.0000000000000000e+00	
   1.8532616020081207e+00	  -1.6779217605485348e+00	   0.0000000000000000e+00	
   1.8657753006996676e+00	  -1.6639959517075351e+00	   0.0000000000000000e+00	
   1.8781843605010167e+00	  -1.6499768204339682e+00	   0.0000000000000000e+00	
   1.8904880854707806e+00	  -1.6358651529673902e+00	   0.0000000000000000e+00	
   1.9026857855751047e+00	  -1.6216617407370895e+00	   0.0000000000000000e+00	
   1.9108954724492113e+00	  -1.6041092031954431e+00	   0.0000000000000000e+00	
   1.9228547854549789e+00	  -1.5897538540466261e+00	   0.0000000000000000e+00	
   1.9347062583630212e+00	  -1.5753093462092367e+00	   0.0000000000000000e+00	
   1.9464492265032796e+00	  -1.5607764897793659e+00	   0.0000000000000000e+00	
   1.9580830312910107e+00	  -1.5461560998079789e+00	   0.0000000000000000e+00	
   1.9696070202637088e+00	  -1.5314489962552222e+00	   0.0000000000000000e+00	
   1.9810205471177094e+00	  -1.5166560039444230e+00	   0.0000000000000000e+00	
   1.9923229717444300e+00	  -1.5017779525158363e+00	   0.0000000000000000e+00	
   2.0035136602662704e+00	  -1.4868156763801170e+00	   0.0000000000000000e+00	
   2.0105000582236778e+00	  -1.4687806375259445e+00	   0.0000000000000000e+00	
   2.0214431258178700e+00	  -1.4536831616181740e+00	   0.0000000000000000e+00	
   2.0322728241519972e+00	  -1.4385041583192586e+00	   0.0000000000000000e+00	
   2.0429885458605246e+00	  -1.4232444789182328e+00	   0.0000000000000000e+00	
   2.0535896899701052e+00	  -1.4079049792287193e+00	   0.0000000000000000e+00	
   2.0640756619332850e+00	  -1.3924865195409268e+00	   0.0000000000000000e+00	
   2.0702237992921169e+00	  -1.3741874069792901e+00	   0.0000000000000000e+00	
   2.0804567997126617e+00	  -1.3586453228069872e+00	   0.0000000000000000e+00	
   2.0905731211898502e+00	  -1.3430270412819254e+00	   0.0000000000000000e+00	
   2.1005721963666923e+00	  -1.3273334383293312e+00	   0.0000000000000000e+00	
   2.1104534644617665e+00	  -1.3115653940987015e+00	   0.0000000000000000e+00	
   2.1158923406317958e+00	  -1.2930812562871601e+00	   0.0000000000000000e+00	
   2.1255166704292900e+00	  -1.2771994426214972e+00	   0.0000000000000000e+00	
   2.1350217941758696e+00	  -1.2612459993591769e+00	   0.0000000000000000e+00	
   2.1444071787925489e+00	  -1.2452218212224118e+00	   0.0000000000000000e+00	
   2.1492710602496752e+00	  -1.2266159653332187e+00	   0.0000000000000000e+00	
   2.1583967069295178e+00	  -1.2104860479794552e+00	   0.0000000000000000e+00	
   2.1674013035365367e+00	  -1.1942882425383032e+00	   0.0000000000000000e+00	
   2.1762843450629772e+00	  -1.1780234574366153e+00	   0.0000000000000000e+00	
   2.1805708377551887e+00	  -1.1593137121514936e+00	   0.0000000000000000e+00	
   2.1891915917483260e+00	  -1.1429512834190576e+00	   0.0000000000000000e+00	
   2.1976895685889803e+00	  -1.1265247541736592e+00	   0.0000000000000000e+00	
   2.2060642916823183e+00	  -1.1100350456697448e+00	   0.0000000000000000e+00	
   2.2097715527180570e+00	  -1.0912392733698255e+00	   0.0000000000000000e+00	
   2.2178816901206591e+00	  -1.0746600744301458e+00	   0.0000000000000000e+00	
   2.2258674413345489e+00	  -1.0580206049758509e+00	   0.0000000000000000e+00	
   2.2291353598112846e+00	  -1.0391806293246766e+00	   0.0000000000000000e+00	
   2.2368550959964884e+00	  -1.0224578779779434e+00	   0.0000000000000000e+00	
   2.2444493819012150e+00	  -1.0056777837895556e+00	   0.0000000000000000e+00	
   2.2472778511079308e+00	  -9.8680384013459466e-01	   0.0000000000000000e+00	
   2.2546048377892371e+00	  -9.6994669152589419e-01	   0.0000000000000000e+00	
   2.2571354433254722e+00	  -9.5106741938241823e-01	   0.0000000000000000e+00	
   2.2641945296800454e+00	  -9.3413745107118329e-01	   0.0000000000000000e+00	
   2.2711266324676851e+00	  -9.1715509322186162e-01	   0.0000000000000000e+00	
   2.2732184014724792e+00	  -8.9825897833418133e-01	   0.0000000000000000e+00	
   2.2798815635094307e+00	  -8.8121004835445060e-01	   0.0000000000000000e+00	
   2.2864168621983678e+00	  -8.6411169718157999e-01	   0.0000000000000000e+00	
   2.2880703223151122e+00	  -8.4520890955918992e-01	   0.0000000000000000e+00	
   2.2943357850463251e+00	  -8.2805024371307212e-01	   0.0000000000000000e+00	
   2.2956931986353606e+00	  -8.0916055674088627e-01	   0.0000000000000000e+00	
   2.3016884876994452e+00	  -7.9194581534200537e-01	   0.0000000000000000e+00	
   2.3027506209649253e+00	  -7.7307384845309901e-01	   0.0000000000000000e+00	
   2.3084754649806447e+00	  -7.5580726716460633e-01	   0.0000000000000000e+00	
   2.3092431559668145e+00	  -7.3695761973774876e-01	   0.0000000000000000e+00	
   2.3146973497011487e+00	  -7.1964342973140516e-01	   0.0000000000000000e+00	
   2.3151715078628960e+00	  -7.0082067997720821e-01	   0.0000000000000000e+00	
   2.3203549120350266e+00	  -6.8346310690394596e-01	   0.0000000000000000e+00	
   2.3205365177912118e+00	  -6.6467181075940063e-01	   0.0000000000000000e+00	
   2.3254490588605332e+00	  -6.4727507372476834e-01	   0.0000000000000000e+00	
   2.3253391631302538e+00	  -6.2851976375641061e-01	   0.0000000000000000e+00	
   2.3299808330685177e+00	  -6.1108807430112588e-01	   0.0000000000000000e+00	
   2.3295805567904608e+00	  -5.9237325861710743e-01	   0.0000000000000000e+00	
   2.3339514128381635e+00	  -5.7491081970297309e-01	   0.0000000000000000e+00	
   2.3332619464732183e+00	  -5.5624098087429463e-01	   0.0000000000000000e+00	
   2.3373621108803251e+00	  -5.3875198587574491e-01	   0.0000000000000000e+00	
   2.3363847138976133e+00	  -5.2013157986690650e-01	   0.0000000000000000e+00	
   2.3352597913474540e+00	  -5.0155608973724475e-01	   0.0000000000000000e+00	
   2.3389503739952531e+00	  -4.8405366667770849e-01	   0.0000000000000000e+00	
   2.3375398163458385e+00	  -4.6553429975032923e-01	   0.0000000000000000e+00	
   2.3359833368500236e+00	  -4.4706326252197620e-01	   0.0000000000000000e+00	
   2.3392658118056393e+00	  -4.2955694902430130e-01	   0.0000000000000000e+00	
   2.3374261474363602e+00	  -4.1114864707582532e-01	   0.0000000000000000e+00	
   2.3404396235603375e+00	  -3.9363253572362739e-01	   0.0000000000000000e+00	
   2.3383183058606698e+00	  -3.7529129971817971e-01	   0.0000000000000000e+00	
   2.3360538197030167e+00	  -3.5700395733959289e-01	   0.0000000000000000e+00	
   2.3336468536464192e+00	  -3.3877162217542495e-01	   0.0000000000000000e+00	
   2.3361184166673965e+00	  -3.2128584287611761e-01	   0.0000000000000000e+00	
   2.3334336207806943e+00	  -3.0312921805331849e-01	   0.0000000000000000e+00	
   2.3306081803541097e+00	  -2.8503086057135607e-01	   0.0000000000000000e+00	
   2.3326773732716841e+00	  -2.6756934435367491e-01	   0.0000000000000000e+00	
   2.3295770028652267e+00	  -2.4955305327591817e-01	   0.0000000000000000e+00	
   2.3263378975556073e+00	  -2.3159823493034878e-01	   0.0000000000000000e+00	
   2.3229608043999286e+00	  -2.1370595470988826e-01	   0.0000000000000000e+00	
   2.3194464786158067e+00	  -1.9587727026431764e-01	   0.0000000000000000e+00	
   2.3208483286349328e+00	  -1.7850184212468101e-01	   0.0000000000000000e+00	
   2.3170646040718630e+00	  -1.6076564160761567e-01	   0.0000000000000000e+00	
   2.3131456772285883e+00	  -1.4309614306383978e-01	   0.0000000000000000e+00	
   2.3090923350798005e+00	  -1.2549437467756944e-01	   0.0000000000000000e+00	
   2.3049053724014770e+00	  -1.0796135658586942e-01	   0.0000000000000000e+00	
   2.3005855916944826e+00	  -9.0498100819598165e-02	   0.0000000000000000e+00	
   2.2961338031077281e+00	  -7.3105611245025098e-02	   0.0000000000000000e+00	
   2.2915508243608809e+00	  -5.5784883506165152e-02	   0.0000000000000000e+00	
   2.2868374806666516e+00	  -3.8536904967812854e-02	   0.0000000000000000e+00	
   2.2819946046526440e+00	  -2.1362654659258747e-02	   0.0000000000000000e+00	
   2.2770230362827886e+00	  -4.2631032187348279e-03	   0.0000000000000000e+00	
   2.2719236227783584e+00	   1.2760787161444333e-02	   0.0000000000000000e+00	
   2.2666972185385781e+00	   2.9708062789014625e-02	   0.0000000000000000e+00	
   2.2613446850608256e+00	   4.6577778525202444e-02	   0.0000000000000000e+00	
   2.2558668908604420e+00	   6.3368997837426055e-02	   0.0000000000000000e+00	
   2.2502647113901468e+00	   8.0080792851275645e-02	   0.0000000000000000e+00	
   2.2445390289590721e+00	   9.6712244401789119e-02	   0.0000000000000000e+00	
   2.2386907326514169e+00	   1.1326244208398095e-01	   0.0000000000000000e+00	
   2.2327207182447317e+00	   1.2973048430264092e-01	   0.0000000000000000e+00	
   2.2266298881278357e+00	   1.4611547832142041e-01	   0.0000000000000000e+00	
   2.2204191512183780e+00	   1.6241654031116118e-01	   0.0000000000000000e+00	
   2.2140894228800421e+00	   1.7863279539749946e-01	   0.0000000000000000e+00	
   2.2076416248394133e+00	   1.9476337770771679e-01	   0.0000000000000000e+00	
   2.2010766851024939e+00	   2.1080743041686936e-01	   0.0000000000000000e+00	
   2.1943955378708973e+00	   2.2676410579315251e-01	   0.0000000000000000e+00	
   2.1875991234577090e+00	   2.4263256524251756e-01	   0.0000000000000000e+00	
   2.1806883882030301e+00	   2.5841197935255783e-01	   0.0000000000000000e+00	
   2.1736642843892038e+00	   2.7410152793562287e-01	   0.0000000000000000e+00	
   2.1665277701557422e+00	   2.8970040007117831e-01	   0.0000000000000000e+00	
   2.1592798094139440e+00	   3.0520779414742766e-01	   0.0000000000000000e+00	
   2.1519213717612256e+00	   3.2062291790215453e-01	   0.0000000000000000e+00	
   2.1444534323951587e+00	   3.3594498846281567e-01	   0.0000000000000000e+00	
   2.1368769720272347e+00	   3.5117323238585968e-01	   0.0000000000000000e+00	
   2.1291929767963462e+00	   3.6630688569530040e-01	   0.0000000000000000e+00	
   2.1214024381820087e+00	   3.8134519392050598e-01	   0.0000000000000000e+00	
   2.1135063529173186e+00	   3.9628741213321744e-01	   0.0000000000000000e+00	
   2.1055057229016536e+00	   4.1113280498381832e-01	   0.0000000000000000e+00	
   2.0974015551131333e+00	   4.2588064673680998e-01	   0.0000000000000000e+00	
   2.0891948615208307e+00	   4.4053022130551661e-01	   0.0000000000000000e+00	
   2.0808866589967567e+00	   4.5508082228603025e-01	   0.0000000000000000e+00	
   2.0724779692276094e+00	   4.6953175299036276e-01	   0.0000000000000000e+00	
   2.0639698186263131e+00	   4.8388232647881768e-01	   0.0000000000000000e+00	
   2.0553632382433316e+00	   4.9813186559160133e-01	   0.0000000000000000e+00	
   2.0466592636777818e+00	   5.1227970297963188e-01	   0.0000000000000000e+00	
   2.0378589349883458e+00	   5.2632518113457827e-01	   0.0000000000000000e+00	
   2.0289632966039872e+00	   5.4026765241810260e-01	   0.0000000000000000e+00	
   2.0199733972344793e+00	   5.5410647909033817e-01	   0.0000000000000000e+00	
   2.0108902897807570e+00	   5.6784103333756208e-01	   0.0000000000000000e+00	
   2.0017150312450926e+00	   5.8147069729908263e-01	   0.0000000000000000e+00	
   1.9924486826411023e+00	   5.9499486309335337e-01	   0.0000000000000000e+00	
   1.9830923089035977e+00	   6.0841293284328168e-01	   0.0000000000000000e+00	
   1.9736469787982815e+00	   6.2172431870074707e-01	   0.0000000000000000e+00	
   1.9641137648312947e+00	   6.3492844287034489e-01	   0.0000000000000000e+00	
   1.9544937431586271e+00	   6.4802473763231971e-01	   0.0000000000000000e+00	
   1.9447879934953922e+00	   6.6101264536471638e-01	   0.0000000000000000e+00	
   1.9349975990249830e+00	   6.7389161856472701e-01	   0.0000000000000000e+00	
   1.9251236463080943e+00	   6.8666111986926237e-01	   0.0000000000000000e+00	
   1.9151672251916461e+00	   6.9932062207471213e-01	   0.0000000000000000e+00	
   1.9051294287175971e+00	   7.1186960815590883e-01	   0.0000000000000000e+00	
   1.8950113530316541e+00	   7.2430757128431378e-01	   0.0000000000000000e+00	
   1.8848140972918956e+00	   7.3663401484539048e-01	   0.0000000000000000e+00	
   1.8745387635773094e+00	   7.4884845245518050e-01	   0.0000000000000000e+00	
   1.8641864567962461e+00	   7.6095040797609947e-01	   0.0000000000000000e+00	
   1.8537582845948068e+00	   7.7293941553191936e-01	   0.0000000000000000e+00	
   1.8432553572651631e+00	   7.8481501952196076e-01	   0.0000000000000000e+00	
   1.8326787876538226e+00	   7.9657677463448240e-01	   0.0000000000000000e+00	
   1.8220296910698335e+00	   8.0822424585928521e-01	   0.0000000000000000e+00	
   1.8113091851929555e+00	   8.1975700849950750e-01	   0.0000000000000000e+00	
   1.8005183899817894e+00	   8.3117464818262188e-01	   0.0000000000000000e+00	
   1.7896584275818710e+00	   8.4247676087064804e-01	   0.0000000000000000e+00	
   1.7787304222337461e+00	   8.5366295286955662e-01	   0.0000000000000000e+00	
   1.7677355001810289e+00	   8.6473284083787394e-01	   0.0000000000000000e+00	
   1.7566747895784438e+00	   8.7568605179450498e-01	   0.0000000000000000e+00	
   1.7455494203998669e+00	   8.8652222312574580e-01	   0.0000000000000000e+00	
   1.7343605243463731e+00	   8.9724100259150708e-01	   0.0000000000000000e+00	
   1.7231092347542896e+00	   9.0784204833073412e-01	   0.0000000000000000e+00	
   1.7117966865032623e+00	   9.1832502886604828e-01	   0.0000000000000000e+00	
   1.7004240159243529e+00	   9.2868962310757830e-01	   0.0000000000000000e+00	
   1.6889923607081643e+00	   9.3893552035599881e-01	   0.0000000000000000e+00	
   1.6775028598129940e+00	   9.4906242030478982e-01	   0.0000000000000000e+00	
   1.6659566533730419e+00	   9.5907003304169003e-01	   0.0000000000000000e+00	
   1.6543548826066656e+00	   9.6895807904935638e-01	   0.0000000000000000e+00	
   1.6426986897246845e+00	   9.7872628920525118e-01	   0.0000000000000000e+00	
   1.6309892178387564e+00	   9.8837440478072025e-01	   0.0000000000000000e+00	
   1.6192276108698251e+00	   9.9790217743928622e-01	   0.0000000000000000e+00	
   1.6074150134566343e+00	   1.0073093692341659e+00	   0.0000000000000000e+00	
   1.5955525708643339e+00	   1.0165957526049856e+00	   0.0000000000000000e+00	
   1.5836414288931744e+00	   1.0257611103737203e+00	   0.0000000000000000e+00	
   1.5716827337873018e+00	   1.0348052357398378e+00	   0.0000000000000000e+00	
   1.5596776321436432e+00	   1.0437279322746775e+00	   0.0000000000000000e+00	
   1.5476272708209171e+00	   1.0525290139150310e+00	   0.0000000000000000e+00	
   1.5355327968487551e+00	   1.0612083049559422e+00	   0.0000000000000000e+00	
   1.5233953573369403e+00	   1.0697656400427431e+00	   0.0000000000000000e+00	
   1.5112160993847854e+00	   1.0782008641622958e+00	   0.0000000000000000e+00	
   1.4989961699906442e+00	   1.0865138326334618e+00	   0.0000000000000000e+00	
   1.4867367159615588e+00	   1.0947044110968063e+00	   0.0000000000000000e+00	
   1.4744388838230662e+00	   1.1027724755035151e+00	   0.0000000000000000e+00	
   1.4621038197291554e+00	   1.1107179121035511e+00	   0.0000000000000000e+00	
   1.4497326693723900e+00	   1.1185406174330306e+00	   0.0000000000000000e+00	
   1.4373265778941937e+00	   1.1262404983008436e+00	   0.0000000000000000e+00	
   1.4248866897953165e+00	   1.1338174717745011e+00	   0.0000000000000000e+00	
   1.4124141488464850e+00	   1.1412714651652116e+00	   0.0000000000000000e+00	
   1.3999100979992314e+00	   1.1486024160122112e+00	   0.0000000000000000e+00	
   1.3873756792969250e+00	   1.1558102720663208e+00	   0.0000000000000000e+00	
   1.3748120337860064e+00	   1.1628949912727440e+00	   0.0000000000000000e+00	
   1.3622203014274186e+00	   1.1698565417531213e+00	   0.0000000000000000e+00	
   1.3496016210082622e+00	   1.1766949017868149e+00	   0.0000000000000000e+00	
   1.3369571300536649e+00	   1.1834100597914547e+00	   0.0000000000000000e+00	
   1.3242879647388834e+00	   1.1900020143027199e+00	   0.0000000000000000e+00	
   1.3115952598016283e+00	   1.1964707739533915e+00	   0.0000000000000000e+00	
   1.2988801484546335e+00	   1.2028163574516453e+00	   0.0000000000000000e+00	
   1.2861437622984768e+00	   1.2090387935586042e+00	   0.0000000000000000e+00	
   1.2733872312346373e+00	   1.2151381210651588e+00	   0.0000000000000000e+00	
   1.2606116833788215e+00	   1.2211143887680436e+00	   0.0000000000000000e+00	
   1.2478182449745536e+00	   1.2269676554451729e+00	   0.0000000000000000e+00	
   1.2350080403070267e+00	   1.2326979898302597e+00	   0.0000000000000000e+00	
   1.2221821916172353e+00	   1.2383054705866907e+00	   0.0000000000000000e+00	
   1.2093418190163967e+00	   1.2437901862806766e+00	   0.0000000000000000e+00	
   1.1964880404006439e+00	   1.2491522353536864e+00	   0.0000000000000000e+00	
   1.1836219713660292e+00	   1.2543917260941493e+00	   0.0000000000000000e+00	
   1.1707447251238157e+00	   1.2595087766084483e+00	   0.0000000000000000e+00	
   1.1578574124160881e+00	   1.2645035147911834e+00	   0.0000000000000000e+00	
   1.1449611414316598e+00	   1.2693760782947416e+00	   0.0000000000000000e+00	
   1.1320570177223075e+00	   1.2741266144981422e+00	   0.0000000000000000e+00	
   1.1191461441193351e+00	   1.2787552804751761e+00	   0.0000000000000000e+00	
   1.1062296206504507e+00	   1.2832622429618523e+00	   0.0000000000000000e+00	
   1.0933085444569950e+00	   1.2876476783231339e+00	   0.0000000000000000e+00	
   1.0803840097115076e+00	   1.2919117725189770e+00	   0.0000000000000000e+00	
   1.0674571075356325e+00	   1.2960547210696833e+00	   0.0000000000000000e+00	
   1.0545289259183859e+00	   1.3000767290205555e+00	   0.0000000000000000e+00	
   1.0416005496347787e+00	   1.3039780109058663e+00	   0.0000000000000000e+00	
   1.0286730601648086e+00	   1.3077587907121426e+00	   0.0000000000000000e+00	
   1.0157475356128112e+00	   1.3114193018407758e+00	   0.0000000000000000e+00	
   1.0028250506271972e+00	   1.3149597870699463e+00	   0.0000000000000000e+00	
   9.8990667632057194e-01	   1.3183804985158776e+00	   0.0000000000000000e+00	
   9.7699348019023069e-01	   1.3216816975934247e+00	   0.0000000000000000e+00	
   9.6408652603905653e-01	   1.3248636549759913e+00	   0.0000000000000000e+00	
   9.5118687389681844e-01	   1.3279266505547829e+00	   0.0000000000000000e+00	
   9.3829557994185964e-01	   1.3308709733974091e+00	   0.0000000000000000e+00	
   9.2541369642320892e-01	   1.3336969217058219e+00	   0.0000000000000000e+00	
   9.1254227158309786e-01	   1.3364048027736095e+00	   0.0000000000000000e+00	
   8.9968234957990689e-01	   1.3389949329426347e+00	   0.0000000000000000e+00	
   8.8683497041152159e-01	   1.3414676375590409e+00	   0.0000000000000000e+00	
   8.7400116983913334e-01	   1.3438232509286088e+00	   0.0000000000000000e+00	
   8.6118197931147467e-01	   1.3460621162714790e+00	   0.0000000000000000e+00	
   8.4837842588948287e-01	   1.3481845856762500e+00	   0.0000000000000000e+00	
   8.3559153217142423e-01	   1.3501910200534410e+00	   0.0000000000000000e+00	
   8.2282231621846647e-01	   1.3520817890883310e+00	   0.0000000000000000e+00	
   8.1007179148069874e-01	   1.3538572711931873e+00	   0.0000000000000000e+00	
   7.9734096672362420e-01	   1.3555178534588694e+00	   0.0000000000000000e+00	
   7.8463084595511323e-01	   1.3570639316058266e+00	   0.0000000000000000e+00	
   7.7194242835283400e-01	   1.3584959099344869e+00	   0.0000000000000000e+00	
   7.5927670819214865e-01	   1.3598142012750485e+00	   0.0000000000000000e+00	
   7.4663467477450240e-01	   1.3610192269366672e+00	   0.0000000000000000e+00	
   7.3401731235629775e-01	   1.3621114166560526e+00	   0.0000000000000000e+00	
   7.2142560007825018e-01	   1.3630912085454781e+00	   0.0000000000000000e+00	
   7.0886051189525079e-01	   1.3639590490402036e+00	   0.0000000000000000e+00	
   6.9632301650673034e-01	   1.3647153928453153e+00	   0.0000000000000000e+00	
   6.8381407728751631e-01	   1.3653607028819981e+00	   0.0000000000000000e+00	
   6.7133465221921440e-01	   1.3658954502332292e+00	   0.0000000000000000e+00	
   6.5888569382210271e-01	   1.3663201140889090e+00	   0.0000000000000000e+00	
   6.4646814908753480e-01	   1.3666351816904307e+00	   0.0000000000000000e+00	
   6.3408295941088100e-01	   1.3668411482746923e+00	   0.0000000000000000e+00	
   6.2173106052498883e-01	   1.3669385170175563e+00	   0.0000000000000000e+00	
   6.0941338243418797e-01	   1.3669277989767616e+00	   0.0000000000000000e+00	
   5.9713084934881533e-01	   1.3668095130342948e+00	   0.0000000000000000e+00	
   5.8488437962029804e-01	   1.3665841858382226e+00	   0.0000000000000000e+00	
   5.7267488567678193e-01	   1.3662523517439897e+00	   0.0000000000000000e+00	
   5.6050327395929833e-01	   1.3658145527551935e+00	   0.0000000000000000e+00	
   5.4837044485849851e-01	   1.3652713384638309e+00	   0.0000000000000000e+00	
   5.3627729265194846e-01	   1.3646232659900295e+00	   0.0000000000000000e+00	
   5.2422470544197375e-01	   1.3638708999212674e+00	   0.0000000000000000e+00	
   5.1221356509408689e-01	   1.3630148122510832e+00	   0.0000000000000000e+00	
   5.0024474717597833e-01	   1.3620555823172831e+00	   0.0000000000000000e+00	
   4.8831912089709134e-01	   1.3609937967396504e+00	   0.0000000000000000e+00	
   4.7643754904876351e-01	   1.3598300493571660e+00	   0.0000000000000000e+00	
   4.6460088794496474e-01	   1.3585649411647380e+00	   0.0000000000000000e+00	
   4.5280998736362271e-01	   1.3571990802494489e+00	   0.0000000000000000e+00	
   4.4106569048852851e-01	   1.3557330817263300e+00	   0.0000000000000000e+00	
   4.2936883385185026e-01	   1.3541675676736615e+00	   0.0000000000000000e+00	
   4.1772024727724516e-01	   1.3525031670678049e+00	   0.0000000000000000e+00	
   4.0612075382356433e-01	   1.3507405157175811e+00	   0.0000000000000000e+00	
   3.9457116972917666e-01	   1.3488802561981850e+00	   0.0000000000000000e+00	
   3.8307230435689571e-01	   1.3469230377846568e+00	   0.0000000000000000e+00	
   3.7162496013952950e-01	   1.3448695163849040e+00	   0.0000000000000000e+00	
   3.6022993252603319e-01	   1.3427203544722888e+00	   0.0000000000000000e+00	
   3.4888800992829716e-01	   1.3404762210177774e+00	   0.0000000000000000e+00	
   3.3759997366855754e-01	   1.3381377914216652e+00	   0.0000000000000000e+00	
   3.2636659792742484e-01	   1.3357057474448772e+00	   0.0000000000000000e+00	
   3.1518864969255539e-01	   1.3331807771398538e+00	   0.0000000000000000e+00	
   3.0406688870795717e-01	   1.3305635747810207e+00	   0.0000000000000000e+00	
   2.9300206742392304e-01	   1.3278548407948594e+00	   0.0000000000000000e+00	
   2.8199493094761613e-01	   1.3250552816895740e+00	   0.0000000000000000e+00	
   2.7104621699430015e-01	   1.3221656099843626e+00	   0.0000000000000000e+00	
   2.6015665583920600e-01	   1.3191865441383046e+00	   0.0000000000000000e+00	
   2.4932697027006190e-01	   1.3161188084788611e+00	   0.0000000000000000e+00	
   2.3855787554026889e-01	   1.3129631331300000e+00	   0.0000000000000000e+00	
   2.2785007932274229e-01	   1.3097202539399486e+00	   0.0000000000000000e+00	
   2.1720428166439842e-01	   1.3063909124085833e+00	   0.0000000000000000e+00	
   2.0662117494131660e-01	   1.3029758556144571e+00	   0.0000000000000000e+00	
   1.9610144381456610e-01	   1.2994758361414733e+00	   0.0000000000000000e+00	
   1.8564576518668943e-01	   1.2958916120052142e+00	   0.0000000000000000e+00	
   1.7525480815886890e-01	   1.2922239465789247e+00	   0.0000000000000000e+00	
   1.6492923398876602e-01	   1.2884736085191602e+00	   0.0000000000000000e+00	
   1.5466969604902586e-01	   1.2846413716911058e+00	   0.0000000000000000e+00	
   1.4447683978647299e-01	   1.2807280150935709e+00	   0.0000000000000000e+00	
   1.3435130268198109e-01	   1.2767343227836649e+00	   0.0000000000000000e+00	
   1.2429371421103384e-01	   1.2726610838011598e+00	   0.0000000000000000e+00	
   1.1430469580495958e-01	   1.2685090920925495e+00	   0.0000000000000000e+00	
   1.0438486081286559e-01	   1.2642791464348067e+00	   0.0000000000000000e+00	
   9.4534814464263442e-02	   1.2599720503588447e+00	   0.0000000000000000e+00	
   8.4755153832376223e-02	   1.2555886120726953e+00	   0.0000000000000000e+00	
   7.5046467798152258e-02	   1.2511296443843998e+00	   0.0000000000000000e+00	
   6.5409337014976393e-02	   1.2465959646246274e+00	   0.0000000000000000e+00	
   5.5844333874069743e-02	   1.2419883945690231e+00	   0.0000000000000000e+00	
   4.6352022470603479e-02	   1.2373077603602916e+00	   0.0000000000000000e+00	
   3.6932958570508871e-02	   1.2325548924300234e+00	   0.0000000000000000e+00	
   2.7587689578000309e-02	   1.2277306254202716e+00	   0.0000000000000000e+00	
   1.8316754503793654e-02	   1.2228357981048805e+00	   0.0000000000000000e+00	
   9.1206839340449031e-03	   1.2178712533105787e+00	   0.0000000000000000e+00	
   0.0000000000000000e+00	   1.2179054054054053e+00	   0.0000000000000000e+00	
