   1.2905405405405406e+00	   0.0000000000000000e+00	   0.0000000000000000e+00	
   1.2972609189216708e+00	   9.7152361461120204e-03	   0.0000000000000000e+00	
   1.3039077847195686e+00	   1.9531124968133050e-02	   0.0000000000000000e+00	
   1.3104800073261769e+00	   2.9447107445018085e-02	   0.0000000000000000e+00	
   1.3169764604046825e+00	   3.9462613267119341e-02	   0.0000000000000000e+00	
   1.3233960219951821e+00	   4.9577060868966800e-02	   0.0000000000000000e+00	
   1.3297375746200955e+00	   5.9789857462998336e-02	   0.0000000000000000e+00	
   1.3360000053893164e+00	   7.0100399074237360e-02	   0.0000000000000000e+00	
   1.3421822061050970e+00	   8.0508070575915899e-02	   0.0000000000000000e+00	
   1.3482830733666524e+00	   9.1012245726041205e-02	   0.0000000000000000e+00	
   1.3543015086744801e+00	   1.0161228720490352e-01	   0.0000000000000000e+00	
   1.3602364185343858e+00	   1.1230754665352292e-01	   0.0000000000000000e+00	
   1.3660867145612072e+00	   1.2309736471303287e-01	   0.0000000000000000e+00	
   1.3718513135822279e+00	   1.3398107106499810e-01	   0.0000000000000000e+00	
   1.3775291377402701e+00	   1.4495798447266411e-01	   0.0000000000000000e+00	
   1.3831191145964647e+00	   1.5602741282313667e-01	   0.0000000000000000e+00	
   1.3886201772326836e+00	   1.6718865317048728e-01	   0.0000000000000000e+00	
   1.3940312643536297e+00	   1.7844099177978348e-01	   0.0000000000000000e+00	
   1.3993513203885766e+00	   1.8978370417203999e-01	   0.0000000000000000e+00	
   1.4045792955927483e+00	   2.0121605517008884e-01	   0.0000000000000000e+00	
   1.4097141461483333e+00	   2.1273729894536483e-01	   0.0000000000000000e+00	
   1.4147548342651208e+00	   2.2434667906560415e-01	   0.0000000000000000e+00	
   1.4197003282807565e+00	   2.3604342854345292e-01	   0.0000000000000000e+00	
   1.4245496027606050e+00	   2.4782676988598143e-01	   0.0000000000000000e+00	
   1.4293016385972150e+00	   2.5969591514510321e-01	   0.0000000000000000e+00	
   1.4339554231093772e+00	   2.7165006596889402e-01	   0.0000000000000000e+00	
   1.4385099501407643e+00	   2.8368841365380743e-01	   0.0000000000000000e+00	
   1.4429642201581527e+00	   2.9581013919778465e-01	   0.0000000000000000e+00	
   1.4473172403492103e+00	   3.0801441335425461e-01	   0.0000000000000000e+00	
   1.4515680247198464e+00	   3.2030039668702115e-01	   0.0000000000000000e+00	
   1.4557155941911166e+00	   3.3266723962603245e-01	   0.0000000000000000e+00	
   1.4597589766956722e+00	   3.4511408252403153e-01	   0.0000000000000000e+00	
   1.4636972072737477e+00	   3.5764005571408181e-01	   0.0000000000000000e+00	
   1.4675293281686805e+00	   3.7024427956796524e-01	   0.0000000000000000e+00	
   1.4712543889219507e+00	   3.8292586455544853e-01	   0.0000000000000000e+00	
   1.4748714464677390e+00	   3.9568391130441505e-01	   0.0000000000000000e+00	
   1.4783795652269893e+00	   4.0851751066185543e-01	   0.0000000000000000e+00	
   1.4817778172009735e+00	   4.2142574375571673e-01	   0.0000000000000000e+00	
   1.4850652820643482e+00	   4.3440768205760233e-01	   0.0000000000000000e+00	
   1.4882410472576941e+00	   4.4746238744632205e-01	   0.0000000000000000e+00	
   1.4913042080795369e+00	   4.6058891227228488e-01	   0.0000000000000000e+00	
   1.4942538677778332e+00	   4.7378629942273198e-01	   0.0000000000000000e+00	
   1.4970891376409239e+00	   4.8705358238780583e-01	   0.0000000000000000e+00	
   1.4998091370879389e+00	   5.0038978532745082e-01	   0.0000000000000000e+00	
   1.5024129937586512e+00	   5.1379392313913785e-01	   0.0000000000000000e+00	
   1.5048998436027725e+00	   5.2726500152641542e-01	   0.0000000000000000e+00	
   1.5072688309686779e+00	   5.4080201706827391e-01	   0.0000000000000000e+00	
   1.5095191086915638e+00	   5.5440395728932668e-01	   0.0000000000000000e+00	
   1.5116498381810159e+00	   5.6806980073079627e-01	   0.0000000000000000e+00	
   1.5136601895079964e+00	   5.8179851702230578e-01	   0.0000000000000000e+00	
   1.5155493414912309e+00	   5.9558906695446845e-01	   0.0000000000000000e+00	
   1.5173164817829943e+00	   6.0944040255227006e-01	   0.0000000000000000e+00	
   1.5189608069542884e+00	   6.2335146714924228e-01	   0.0000000000000000e+00	
   1.5204815225794004e+00	   6.3732119546241661e-01	   0.0000000000000000e+00	
   1.5218778433198388e+00	   6.5134851366805968e-01	   0.0000000000000000e+00	
   1.5231489930076405e+00	   6.6543233947818092e-01	   0.0000000000000000e+00	
   1.5242942047280368e+00	   6.7957158221780778e-01	   0.0000000000000000e+00	
   1.5253127209014803e+00	   6.9376514290302527e-01	   0.0000000000000000e+00	
   1.5262037933650154e+00	   7.0801191431977228e-01	   0.0000000000000000e+00	
   1.5269666834529951e+00	   7.2231078110339075e-01	   0.0000000000000000e+00	
   1.5276006620771321e+00	   7.3666061981892150e-01	   0.0000000000000000e+00	
   1.5281050098058766e+00	   7.5106029904214067e-01	   0.0000000000000000e+00	
   1.5284790169431219e+00	   7.6550867944133416e-01	   0.0000000000000000e+00	
   1.5287219836062187e+00	   7.8000461385979925e-01	   0.0000000000000000e+00	
   1.5288332198033048e+00	   7.9454694739907283e-01	   0.0000000000000000e+00	
   1.5288120455099341e+00	   8.0913451750287813e-01	   0.0000000000000000e+00	
   1.5286577907450021e+00	   8.2376615404178388e-01	   0.0000000000000000e+00	
   1.5283697956459632e+00	   8.3844067939857114e-01	   0.0000000000000000e+00	
   1.5279474105433302e+00	   8.5315690855430082e-01	   0.0000000000000000e+00	
   1.5273899960344504e+00	   8.6791364917507796e-01	   0.0000000000000000e+00	
   1.5266969230565550e+00	   8.8270970169950258e-01	   0.0000000000000000e+00	
   1.5258675729590716e+00	   8.9754385942680714e-01	   0.0000000000000000e+00	
   1.5249013375751965e+00	   9.1241490860566887e-01	   0.0000000000000000e+00	
   1.5237976192927190e+00	   9.2732162852369338e-01	   0.0000000000000000e+00	
   1.5225558311240925e+00	   9.4226279159756421e-01	   0.0000000000000000e+00	
   1.5211753967757480e+00	   9.5723716346384891e-01	   0.0000000000000000e+00	
   1.5196557507166379e+00	   9.7224350307045970e-01	   0.0000000000000000e+00	
   1.5179963382460153e+00	   9.8728056276875809e-01	   0.0000000000000000e+00	
   1.5161966155604290e+00	   1.0023470884062990e+00	   0.0000000000000000e+00	
   1.5142560498199431e+00	   1.0174418194202086e+00	   0.0000000000000000e+00	
   1.5121741192135620e+00	   1.0325634889311885e+00	   0.0000000000000000e+00	
   1.5099503130238654e+00	   1.0477108238381381e+00	   0.0000000000000000e+00	
   1.5075841316908409e+00	   1.0628825449133930e+00	   0.0000000000000000e+00	
   1.5050750868749139e+00	   1.0780773668985659e+00	   0.0000000000000000e+00	
   1.5024227015191649e+00	   1.0932939986009922e+00	   0.0000000000000000e+00	
   1.4996265099107307e+00	   1.1085311429907649e+00	   0.0000000000000000e+00	
   1.4966860577413854e+00	   1.1237874972983541e+00	   0.0000000000000000e+00	
   1.4936009021672931e+00	   1.1390617531128129e+00	   0.0000000000000000e+00	
   1.4903706118679290e+00	   1.1543525964805466e+00	   0.0000000000000000e+00	
   1.4869947671041621e+00	   1.1696587080046554e+00	   0.0000000000000000e+00	
   1.4834729597754996e+00	   1.1849787629448296e+00	   0.0000000000000000e+00	
   1.4798047934764755e+00	   1.2003114313177987e+00	   0.0000000000000000e+00	
   1.4759898835521952e+00	   1.2156553779983259e+00	   0.0000000000000000e+00	
   1.4720278571530170e+00	   1.2310092628207352e+00	   0.0000000000000000e+00	
   1.4679183532883724e+00	   1.2463717406809751e+00	   0.0000000000000000e+00	
   1.4636610228797204e+00	   1.2617414616391975e+00	   0.0000000000000000e+00	
   1.4592555288126263e+00	   1.2771170710228594e+00	   0.0000000000000000e+00	
   1.4547015459879680e+00	   1.2924972095303258e+00	   0.0000000000000000e+00	
   1.4499987613722547e+00	   1.3078805133349782e+00	   0.0000000000000000e+00	
   1.4451468740470668e+00	   1.3232656141898151e+00	   0.0000000000000000e+00	
   1.4401455952575966e+00	   1.3386511395325362e+00	   0.0000000000000000e+00	
   1.4349946484603004e+00	   1.3540357125911082e+00	   0.0000000000000000e+00	
   1.4296937693696488e+00	   1.3694179524897996e+00	   0.0000000000000000e+00	
   1.4242427060039682e+00	   1.3847964743556793e+00	   0.0000000000000000e+00	
   1.4186412187303830e+00	   1.4001698894255714e+00	   0.0000000000000000e+00	
   1.4128890803088361e+00	   1.4155368051534551e+00	   0.0000000000000000e+00	
   1.4069860759351984e+00	   1.4308958253183111e+00	   0.0000000000000000e+00	
   1.4009320032834529e+00	   1.4462455501323923e+00	   0.0000000000000000e+00	
   1.3947266725469583e+00	   1.4615845763499287e+00	   0.0000000000000000e+00	
   1.3883699064787800e+00	   1.4769114973762416e+00	   0.0000000000000000e+00	
   1.3818615404310883e+00	   1.4922249033772705e+00	   0.0000000000000000e+00	
   1.3752014223936226e+00	   1.5075233813895017e+00	   0.0000000000000000e+00	
   1.3683894130312113e+00	   1.5228055154302913e+00	   0.0000000000000000e+00	
   1.3614253857203487e+00	   1.5380698866085685e+00	   0.0000000000000000e+00	
   1.3543092265848253e+00	   1.5533150732359235e+00	   0.0000000000000000e+00	
   1.3470408345304050e+00	   1.5685396509380622e+00	   0.0000000000000000e+00	
   1.3396201212785457e+00	   1.5837421927666195e+00	   0.0000000000000000e+00	
   1.3320470113991643e+00	   1.5989212693113302e+00	   0.0000000000000000e+00	
   1.3243214423424379e+00	   1.6140754488125462e+00	   0.0000000000000000e+00	
   1.3164433644696394e+00	   1.6292032972740851e+00	   0.0000000000000000e+00	
   1.3084127410830044e+00	   1.6443033785764136e+00	   0.0000000000000000e+00	
   1.3002295484546285e+00	   1.6593742545901511e+00	   0.0000000000000000e+00	
   1.2918937758543858e+00	   1.6744144852898823e+00	   0.0000000000000000e+00	
   1.2834054255768723e+00	   1.6894226288682794e+00	   0.0000000000000000e+00	
   1.2747645129673666e+00	   1.7043972418505162e+00	   0.0000000000000000e+00	
   1.2659710664468098e+00	   1.7193368792089754e+00	   0.0000000000000000e+00	
   1.2570251275357933e+00	   1.7342400944782275e+00	   0.0000000000000000e+00	
   1.2479267508775609e+00	   1.7491054398702894e+00	   0.0000000000000000e+00	
   1.2386760042600187e+00	   1.7639314663901411e+00	   0.0000000000000000e+00	
   1.2292729686367476e+00	   1.7787167239514994e+00	   0.0000000000000000e+00	
   1.2197177381470212e+00	   1.7934597614928320e+00	   0.0000000000000000e+00	
   1.2100104201348205e+00	   1.8081591270936201e+00	   0.0000000000000000e+00	
   1.2001511351668495e+00	   1.8228133680908383e+00	   0.0000000000000000e+00	
   1.1901400170495444e+00	   1.8374210311956622e+00	   0.0000000000000000e+00	
   1.1799772128450734e+00	   1.8519806626103870e+00	   0.0000000000000000e+00	
   1.1696628828863334e+00	   1.8664908081455482e+00	   0.0000000000000000e+00	
   1.1591972007909290e+00	   1.8809500133372394e+00	   0.0000000000000000e+00	
   1.1485803534741399e+00	   1.8953568235646139e+00	   0.0000000000000000e+00	
   1.1378125411608750e+00	   1.9097097841675654e+00	   0.0000000000000000e+00	
   1.1268939773966080e+00	   1.9240074405645802e+00	   0.0000000000000000e+00	
   1.1158248890572904e+00	   1.9382483383707449e+00	   0.0000000000000000e+00	
   1.1046055163582487e+00	   1.9524310235159117e+00	   0.0000000000000000e+00	
   1.0932361128620545e+00	   1.9665540423630024e+00	   0.0000000000000000e+00	
   1.0817169454853743e+00	   1.9806159418264482e+00	   0.0000000000000000e+00	
   1.0700482945047876e+00	   1.9946152694907573e+00	   0.0000000000000000e+00	
   1.0582304535615845e+00	   2.0085505737291975e+00	   0.0000000000000000e+00	
   1.0462637296655288e+00	   2.0224204038225877e+00	   0.0000000000000000e+00	
   1.0341484431975922e+00	   2.0362233100781881e+00	   0.0000000000000000e+00	
   1.0218849279116604e+00	   2.0499578439486825e+00	   0.0000000000000000e+00	
   1.0094735309352001e+00	   2.0636225581512444e+00	   0.0000000000000000e+00	
   9.9691461276889914e-01	   2.0772160067866694e+00	   0.0000000000000000e+00	
   9.8420854728526630e-01	   2.0907367454585812e+00	   0.0000000000000000e+00	
   9.7135572172619855e-01	   2.1041833313926874e+00	   0.0000000000000000e+00	
   9.5835653669950893e-01	   2.1175543235560808e+00	   0.0000000000000000e+00	
   9.4521140617441923e-01	   2.1308482827765842e+00	   0.0000000000000000e+00	
   9.3192075747601311e-01	   2.1440637718621218e+00	   0.0000000000000000e+00	
   9.1848503127865189e-01	   2.1571993557201070e+00	   0.0000000000000000e+00	
   9.0490468159834558e-01	   2.1702536014768463e+00	   0.0000000000000000e+00	
   8.9118017578408992e-01	   2.1832250785969456e+00	   0.0000000000000000e+00	
   8.7731199450816055e-01	   2.1961123590027056e+00	   0.0000000000000000e+00	
   8.6330063175536487e-01	   2.2089140171935076e+00	   0.0000000000000000e+00	
   8.4914659481125254e-01	   2.2216286303651693e+00	   0.0000000000000000e+00	
   8.3485040424928836e-01	   2.2342547785292748e+00	   0.0000000000000000e+00	
   8.2041259391697763e-01	   2.2467910446324533e+00	   0.0000000000000000e+00	
   8.0583371092095324e-01	   2.2592360146756145e+00	   0.0000000000000000e+00	
   7.9111431561102330e-01	   2.2715882778331209e+00	   0.0000000000000000e+00	
   7.7625498156316963e-01	   2.2838464265718921e+00	   0.0000000000000000e+00	
   7.6125629556151209e-01	   2.2960090567704290e+00	   0.0000000000000000e+00	
   7.4611885757922725e-01	   2.3080747678377564e+00	   0.0000000000000000e+00	
   7.3084328075842853e-01	   2.3200421628322658e+00	   0.0000000000000000e+00	
   7.1543019138900432e-01	   2.3319098485804526e+00	   0.0000000000000000e+00	
   6.9988022888641455e-01	   2.3436764357955449e+00	   0.0000000000000000e+00	
   6.8419404576845055e-01	   2.3553405391960078e+00	   0.0000000000000000e+00	
   6.6837230763095357e-01	   2.3669007776239144e+00	   0.0000000000000000e+00	
   6.5241569312249537e-01	   2.3783557741631771e+00	   0.0000000000000000e+00	
   6.3632489391802249e-01	   2.3897041562576322e+00	   0.0000000000000000e+00	
   6.2010061469146094e-01	   2.4009445558289664e+00	   0.0000000000000000e+00	
   6.0374357308728555e-01	   2.4120756093944711e+00	   0.0000000000000000e+00	
   5.8725449969105703e-01	   2.4230959581846303e+00	   0.0000000000000000e+00	
   5.7063413799892371e-01	   2.4340042482605133e+00	   0.0000000000000000e+00	
   5.5388324438608660e-01	   2.4447991306309804e+00	   0.0000000000000000e+00	
   5.3700258807423773e-01	   2.4554792613696859e+00	   0.0000000000000000e+00	
   5.1999295109796739e-01	   2.4660433017318666e+00	   0.0000000000000000e+00	
   5.0285512827013923e-01	   2.4764899182709139e+00	   0.0000000000000000e+00	
   4.8558992714624266e-01	   2.4868177829547093e+00	   0.0000000000000000e+00	
   4.6819816798771330e-01	   2.4970255732817335e+00	   0.0000000000000000e+00	
   4.5068068372423375e-01	   2.5071119723969200e+00	   0.0000000000000000e+00	
   4.3303831991500852e-01	   2.5170756692072520e+00	   0.0000000000000000e+00	
   4.1527193470901974e-01	   2.5269153584971042e+00	   0.0000000000000000e+00	
   3.9738239880426385e-01	   2.5366297410433010e+00	   0.0000000000000000e+00	
   3.7937059540596674e-01	   2.5462175237298976e+00	   0.0000000000000000e+00	
   3.6123742018378807e-01	   2.5556774196626701e+00	   0.0000000000000000e+00	
   3.4298378122801021e-01	   2.5650081482833054e+00	   0.0000000000000000e+00	
   3.2461059900471484e-01	   2.5742084354832828e+00	   0.0000000000000000e+00	
   3.0611880630995381e-01	   2.5832770137174355e+00	   0.0000000000000000e+00	
   2.8750934822290641e-01	   2.5922126221171928e+00	   0.0000000000000000e+00	
   2.6878318205803925e-01	   2.6010140066034828e+00	   0.0000000000000000e+00	
   2.4994127731625829e-01	   2.6096799199992899e+00	   0.0000000000000000e+00	
   2.3098461563506653e-01	   2.6182091221418649e+00	   0.0000000000000000e+00	
   2.1191419073771731e-01	   2.6266003799945747e+00	   0.0000000000000000e+00	
   1.9273100838137919e-01	   2.6348524677583787e+00	   0.0000000000000000e+00	
   1.7343608630430588e-01	   2.6429641669829271e+00	   0.0000000000000000e+00	
   1.5403045417201713e-01	   2.6509342666772797e+00	   0.0000000000000000e+00	
   1.3451515352249604e-01	   2.6587615634202209e+00	   0.0000000000000000e+00	
   1.1489123771039675e-01	   2.6664448614701755e+00	   0.0000000000000000e+00	
   9.5159771850278005e-02	   2.6739829728747124e+00	   0.0000000000000000e+00	
   7.5321832758856067e-02	   2.6813747175796268e+00	   0.0000000000000000e+00	
   5.5378508896283193e-02	   2.6886189235375908e+00	   0.0000000000000000e+00	
   3.5330900306458524e-02	   2.6957144268163713e+00	   0.0000000000000000e+00	
   1.5180118556364336e-02	   2.7026600717065969e+00	   0.0000000000000000e+00	
  -5.0727133255555282e-03	   2.7094547108290747e+00	   0.0000000000000000e+00	
  -2.5426460911982283e-02	   2.7160972052416366e+00	   0.0000000000000000e+00	
  -4.5879978440262363e-02	   2.7225864245455260e+00	   0.0000000000000000e+00	
  -6.6432108876908424e-02	   2.7289212469912925e+00	   0.0000000000000000e+00	
  -8.7081683983043917e-02	   2.7351005595842053e+00	   0.0000000000000000e+00	
  -1.0782752438079780e-01	   2.7411232581891705e+00	   0.0000000000000000e+00	
  -1.2866843962064226e-01	   2.7469882476351422e+00	   0.0000000000000000e+00	
  -1.4960322824966574e-01	   2.7526944418190173e+00	   0.0000000000000000e+00	
  -1.7063067788078853e-01	   2.7582407638090167e+00	   0.0000000000000000e+00	
  -1.9128188339640742e-01	   2.7568855943720494e+00	   0.0000000000000000e+00	
  -2.1244050876957546e-01	   2.7621126697832294e+00	   0.0000000000000000e+00	
  -2.3368812214407708e-01	   2.7671770760844607e+00	   0.0000000000000000e+00	
  -2.5502347093547928e-01	   2.7720777738241003e+00	   0.0000000000000000e+00	
  -2.7644529198333401e-01	   2.7768137332094387e+00	   0.0000000000000000e+00	
  -2.9723262005177781e-01	   2.7746656155251297e+00	   0.0000000000000000e+00	
  -3.1877326205013357e-01	   2.7790746259984962e+00	   0.0000000000000000e+00	
  -3.4039656730104534e-01	   2.7833162441639003e+00	   0.0000000000000000e+00	
  -3.6210123391293686e-01	   2.7873894795255389e+00	   0.0000000000000000e+00	
  -3.8296535998987080e-01	   2.7845996026751774e+00	   0.0000000000000000e+00	
  -4.0477870042164033e-01	   2.7883402234113377e+00	   0.0000000000000000e+00	
  -4.2666949011565297e-01	   2.7919099260496392e+00	   0.0000000000000000e+00	
  -4.4756565843708745e-01	   2.7886363818823403e+00	   0.0000000000000000e+00	
  -4.6955738780982248e-01	   2.7918696150086304e+00	   0.0000000000000000e+00	
  -4.9162258155685734e-01	   2.7949294859025522e+00	   0.0000000000000000e+00	
  -5.1253954144944980e-01	   2.7911694345408202e+00	   0.0000000000000000e+00	
  -5.3469782250497788e-01	   2.7938891614030115e+00	   0.0000000000000000e+00	
  -5.5692551238735488e-01	   2.7964331750473241e+00	   0.0000000000000000e+00	
  -5.7785190194623115e-01	   2.7921840391117310e+00	   0.0000000000000000e+00	
  -6.0016471275489247e-01	   2.7943844179348600e+00	   0.0000000000000000e+00	
  -6.2107454702526921e-01	   2.7898115285213558e+00	   0.0000000000000000e+00	
  -6.4346716059525499e-01	   2.7916662958119942e+00	   0.0000000000000000e+00	
  -6.6592230104669081e-01	   2.7933417669045570e+00	   0.0000000000000000e+00	
  -6.8682248313074867e-01	   2.7882764594693450e+00	   0.0000000000000000e+00	
  -7.0934928509033657e-01	   2.7896031403871717e+00	   0.0000000000000000e+00	
  -7.3022025147904457e-01	   2.7842127205811740e+00	   0.0000000000000000e+00	
  -7.5281329347542103e-01	   2.7851888433565728e+00	   0.0000000000000000e+00	
  -7.7364998315038913e-01	   2.7794730528577962e+00	   0.0000000000000000e+00	
  -7.9630380687200353e-01	   2.7800969338408366e+00	   0.0000000000000000e+00	
  -8.1710114456672878e-01	   2.7740555931591944e+00	   0.0000000000000000e+00	
  -8.3981025617380389e-01	   2.7743256337239734e+00	   0.0000000000000000e+00	
  -8.6056315360215374e-01	   2.7679586425694573e+00	   0.0000000000000000e+00	
  -8.8332202505151769e-01	   2.7678733297999445e+00	   0.0000000000000000e+00	
  -9.0402538214403627e-01	   2.7611806674316473e+00	   0.0000000000000000e+00	
  -9.2682845252652624e-01	   2.7607385747868785e+00	   0.0000000000000000e+00	
  -9.4747715867426585e-01	   2.7537203003427089e+00	   0.0000000000000000e+00	
  -9.7031883556436671e-01	   2.7529200883011118e+00	   0.0000000000000000e+00	
  -9.9090777086993509e-01	   2.7455763411080683e+00	   0.0000000000000000e+00	
  -1.0114411327688910e+00	   2.7380786128535415e+00	   0.0000000000000000e+00	
  -1.0343064682228722e+00	   2.7367477576555443e+00	   0.0000000000000000e+00	
  -1.0547724974083692e+00	   2.7289252715952541e+00	   0.0000000000000000e+00	
  -1.0776624646773609e+00	   2.7272336869082392e+00	   0.0000000000000000e+00	
  -1.0980560288504495e+00	   2.7190867820440694e+00	   0.0000000000000000e+00	
  -1.1183880103859110e+00	   2.7107873817410759e+00	   0.0000000000000000e+00	
  -1.1412809032589002e+00	   2.7085625319905677e+00	   0.0000000000000000e+00	
  -1.1615328583999007e+00	   2.6999397231612341e+00	   0.0000000000000000e+00	
  -1.1844362678559763e+00	   2.6973520800634763e+00	   0.0000000000000000e+00	
  -1.2046030597039745e+00	   2.6884064024970589e+00	   0.0000000000000000e+00	
  -1.2247022934021514e+00	   2.6793099501496398e+00	   0.0000000000000000e+00	
  -1.2475877335573731e+00	   2.6761872314217889e+00	   0.0000000000000000e+00	
  -1.2675942546249384e+00	   2.6667692168970474e+00	   0.0000000000000000e+00	
  -1.2875296847867677e+00	   2.6572016410767048e+00	   0.0000000000000000e+00	
  -1.3073929059975702e+00	   2.6474850405422643e+00	   0.0000000000000000e+00	
  -1.3302198358504744e+00	   2.6436557038491255e+00	   0.0000000000000000e+00	
  -1.3499804167662472e+00	   2.6336197839725664e+00	   0.0000000000000000e+00	
  -1.3696652862860390e+00	   2.6234361619309623e+00	   0.0000000000000000e+00	
  -1.3924451973584266e+00	   2.6190714029398854e+00	   0.0000000000000000e+00	
  -1.4120199257738528e+00	   2.6085701774270231e+00	   0.0000000000000000e+00	
  -1.4315154634110985e+00	   2.5979226546144432e+00	   0.0000000000000000e+00	
  -1.4509307168955117e+00	   2.5871294316506708e+00	   0.0000000000000000e+00	
  -1.4736137194446870e+00	   2.5820594307436364e+00	   0.0000000000000000e+00	
  -1.4929089954710106e+00	   2.5709513860183151e+00	   0.0000000000000000e+00	
  -1.5121205441908387e+00	   2.5596991537803340e+00	   0.0000000000000000e+00	
  -1.5312472881565615e+00	   2.5483033650923379e+00	   0.0000000000000000e+00	
  -1.5538115368464234e+00	   2.5425300332932479e+00	   0.0000000000000000e+00	
  -1.5728085351394354e+00	   2.5308225093885492e+00	   0.0000000000000000e+00	
  -1.5917173250937735e+00	   2.5189730485321853e+00	   0.0000000000000000e+00	
  -1.6105368462415488e+00	   2.5069823152813697e+00	   0.0000000000000000e+00	
  -1.6292660431213635e+00	   2.4948509821163394e+00	   0.0000000000000000e+00	
  -1.6516406087963198e+00	   2.4882091618956235e+00	   0.0000000000000000e+00	
  -1.6702280641440681e+00	   2.4757705361587847e+00	   0.0000000000000000e+00	
  -1.6887218475416381e+00	   2.4631930609682131e+00	   0.0000000000000000e+00	
  -1.7071209217960892e+00	   2.4504774417105883e+00	   0.0000000000000000e+00	
  -1.7254242550260859e+00	   2.4376243915201692e+00	   0.0000000000000000e+00	
  -1.7436308207197655e+00	   2.4246346312388005e+00	   0.0000000000000000e+00	
  -1.7617395977923132e+00	   2.4115088893754830e+00	   0.0000000000000000e+00	
  -1.7837761533822376e+00	   2.4036738022964341e+00	   0.0000000000000000e+00	
  -1.8017268326730267e+00	   2.3902480067238527e+00	   0.0000000000000000e+00	
  -1.8195764651249271e+00	   2.3766881580857011e+00	   0.0000000000000000e+00	
  -1.8373240496711274e+00	   2.3629950168634331e+00	   0.0000000000000000e+00	
  -1.8549685909680029e+00	   2.3491693510139942e+00	   0.0000000000000000e+00	
  -1.8725090994509384e+00	   2.3352119359267509e+00	   0.0000000000000000e+00	
  -1.8899445913898218e+00	   2.3211235543800091e+00	   0.0000000000000000e+00	
  -1.9072740889442246e+00	   2.3069049964971042e+00	   0.0000000000000000e+00	
  -1.9244966202182285e+00	   2.2925570597021010e+00	   0.0000000000000000e+00	
  -1.9459940888845075e+00	   2.2832229426901258e+00	   0.0000000000000000e+00	
  -1.9630381835608692e+00	   2.2685857025649359e+00	   0.0000000000000000e+00	
  -1.9799721845207627e+00	   2.2538212326012186e+00	   0.0000000000000000e+00	
  -1.9967951420490420e+00	   2.2389303608396007e+00	   0.0000000000000000e+00	
  -2.0135061126582414e+00	   2.2239139224097451e+00	   0.0000000000000000e+00	
  -2.0301041591414988e+00	   2.2087727594835074e+00	   0.0000000000000000e+00	
  -2.0465883506251101e+00	   2.1935077212277125e+00	   0.0000000000000000e+00	
  -2.0629577626207380e+00	   2.1781196637565250e+00	   0.0000000000000000e+00	
  -2.0792114770772656e+00	   2.1626094500834347e+00	   0.0000000000000000e+00	
  -2.0953485824322740e+00	   2.1469779500728601e+00	   0.0000000000000000e+00	
  -2.1113681736631724e+00	   2.1312260403913612e+00	   0.0000000000000000e+00	
  -2.1272693523379562e+00	   2.1153546044584703e+00	   0.0000000000000000e+00	
  -2.1430512266655866e+00	   2.0993645323971544e+00	   0.0000000000000000e+00	
  -2.1587129115460137e+00	   2.0832567209838864e+00	   0.0000000000000000e+00	
  -2.1742535286198095e+00	   2.0670320735983525e+00	   0.0000000000000000e+00	
  -2.1896722063174319e+00	   2.0506915001727952e+00	   0.0000000000000000e+00	
  -2.2049680799081064e+00	   2.0342359171409687e+00	   0.0000000000000000e+00	
  -2.2201402915483195e+00	   2.0176662473867530e+00	   0.0000000000000000e+00	
  -2.2351879903299343e+00	   2.0009834201923886e+00	   0.0000000000000000e+00	
  -2.2501103323279072e+00	   1.9841883711863639e+00	   0.0000000000000000e+00	
  -2.2649064806476198e+00	   1.9672820422909401e+00	   0.0000000000000000e+00	
  -2.2795756054718193e+00	   1.9502653816693227e+00	   0.0000000000000000e+00	
  -2.2941168841071478e+00	   1.9331393436724915e+00	   0.0000000000000000e+00	
  -2.3033301102622064e+00	   1.9115897876848003e+00	   0.0000000000000000e+00	
  -2.3175810879158463e+00	   1.8942869408186631e+00	   0.0000000000000000e+00	
  -2.3317020879066370e+00	   1.8768778560346326e+00	   0.0000000000000000e+00	
  -2.3456923182818894e+00	   1.8593635096921370e+00	   0.0000000000000000e+00	
  -2.3595509944229094e+00	   1.8417448840540289e+00	   0.0000000000000000e+00	
  -2.3732773390890021e+00	   1.8240229672314856e+00	   0.0000000000000000e+00	
  -2.3868705824610630e+00	   1.8061987531286012e+00	   0.0000000000000000e+00	
  -2.4003299621847489e+00	   1.7882732413866427e+00	   0.0000000000000000e+00	
  -2.4136547234132397e+00	   1.7702474373279817e+00	   0.0000000000000000e+00	
  -2.4213659154210103e+00	   1.7481672224371938e+00	   0.0000000000000000e+00	
  -2.4343897396941889e+00	   1.7299850083853499e+00	   0.0000000000000000e+00	
  -2.4472770352864606e+00	   1.7117057710149577e+00	   0.0000000000000000e+00	
  -2.4600270794353847e+00	   1.6933305354865043e+00	   0.0000000000000000e+00	
  -2.4726391570760407e+00	   1.6748603323443676e+00	   0.0000000000000000e+00	
  -2.4851125608811260e+00	   1.6562961974590322e+00	   0.0000000000000000e+00	
  -2.4917962596461063e+00	   1.6339341059690515e+00	   0.0000000000000000e+00	
  -2.5039626367897574e+00	   1.6152276544797317e+00	   0.0000000000000000e+00	
  -2.5159885833728164e+00	   1.5964306156463102e+00	   0.0000000000000000e+00	
  -2.5278734249401662e+00	   1.5775440436692991e+00	   0.0000000000000000e+00	
  -2.5396164949503235e+00	   1.5585689977705326e+00	   0.0000000000000000e+00	
  -2.5454320619447737e+00	   1.5360155975937659e+00	   0.0000000000000000e+00	
  -2.5568636401974607e+00	   1.5169102226117228e+00	   0.0000000000000000e+00	
  -2.5681518210251735e+00	   1.4977197742544641e+00	   0.0000000000000000e+00	
  -2.5792959713491523e+00	   1.4784453287862183e+00	   0.0000000000000000e+00	
  -2.5844084310179642e+00	   1.4557718581657328e+00	   0.0000000000000000e+00	
  -2.5952379847567539e+00	   1.4363768460330142e+00	   0.0000000000000000e+00	
  -2.6059219889095759e+00	   1.4169012771049392e+00	   0.0000000000000000e+00	
  -2.6164598442819074e+00	   1.3973462436362520e+00	   0.0000000000000000e+00	
  -2.6208672447051797e+00	   1.3745745442919994e+00	   0.0000000000000000e+00	
  -2.6310877033716387e+00	   1.3549087752873377e+00	   0.0000000000000000e+00	
  -2.6411606018805616e+00	   1.3351670184879447e+00	   0.0000000000000000e+00	
  -2.6450326689739425e+00	   1.3123472980154403e+00	   0.0000000000000000e+00	
  -2.6547864408659496e+00	   1.2925023032637697e+00	   0.0000000000000000e+00	
  -2.6643913234963272e+00	   1.2725848206800729e+00	   0.0000000000000000e+00	
  -2.6677281356782596e+00	   1.2497296149751567e+00	   0.0000000000000000e+00	
  -2.6770123381021573e+00	   1.2297164136841379e+00	   0.0000000000000000e+00	
  -2.6861464047621166e+00	   1.2096342458028004e+00	   0.0000000000000000e+00	
  -2.6889483329686534e+00	   1.1867560627490827e+00	   0.0000000000000000e+00	
  -2.6977603422503784e+00	   1.1665857129365702e+00	   0.0000000000000000e+00	
  -2.7064210521510201e+00	   1.1463499371136066e+00	   0.0000000000000000e+00	
  -2.7086887586113204e+00	   1.1234612497786722e+00	   0.0000000000000000e+00	
  -2.7170262103797187e+00	   1.1031448422084997e+00	   0.0000000000000000e+00	
  -2.7189319936041794e+00	   1.0802717127630086e+00	   0.0000000000000000e+00	
  -2.7269457191270412e+00	   1.0598798064757269e+00	   0.0000000000000000e+00	
  -2.7348065084557240e+00	   1.0394284586004618e+00	   0.0000000000000000e+00	
  -2.7361801703366946e+00	   1.0165656548787430e+00	   0.0000000000000000e+00	
  -2.7437163284906689e+00	   9.9604636638887190e-01	   0.0000000000000000e+00	
  -2.7447303260796487e+00	   9.7321318107992316e-01	   0.0000000000000000e+00	
  -2.7519415852593254e+00	   9.5263107762102217e-01	   0.0000000000000000e+00	
  -2.7525971177475119e+00	   9.2983314477761903e-01	   0.0000000000000000e+00	
  -2.7594832907047127e+00	   9.0919334471851343e-01	   0.0000000000000000e+00	
  -2.7662147026524000e+00	   8.8850255406984757e-01	   0.0000000000000000e+00	
  -2.7663426249634404e+00	   8.6574388223250975e-01	   0.0000000000000000e+00	
  -2.7727484590186964e+00	   8.4500294160557965e-01	   0.0000000000000000e+00	
  -2.7725209354567020e+00	   8.2229336422250254e-01	   0.0000000000000000e+00	
  -2.7786012028119278e+00	   8.0150737371665814e-01	   0.0000000000000000e+00	
  -2.7780197359405459e+00	   7.7885242165384228e-01	   0.0000000000000000e+00	
  -2.7772551490749522e+00	   7.5625123210002487e-01	   0.0000000000000000e+00	
  -2.7828407055158024e+00	   7.3543163981464199e-01	   0.0000000000000000e+00	
  -2.7817249557954504e+00	   7.1289340582557825e-01	   0.0000000000000000e+00	
  -2.7869856875980124e+00	   6.9204155575270743e-01	   0.0000000000000000e+00	
  -2.7855204921628141e+00	   6.6957171511214175e-01	   0.0000000000000000e+00	
  -2.7904566888477476e+00	   6.4869265573308665e-01	   0.0000000000000000e+00	
  -2.7886438487822827e+00	   6.2629660886998784e-01	   0.0000000000000000e+00	
  -2.7866524362696055e+00	   6.0396417798231317e-01	   0.0000000000000000e+00	
  -2.7910972776608856e+00	   5.8307848141324159e-01	   0.0000000000000000e+00	
  -2.7887614485676124e+00	   5.6082795096166294e-01	   0.0000000000000000e+00	
  -2.7928831910398766e+00	   5.3992766997413788e-01	   0.0000000000000000e+00	
  -2.7902049541959864e+00	   5.1776433581727721e-01	   0.0000000000000000e+00	
  -2.7873517693313987e+00	   4.9567146544898472e-01	   0.0000000000000000e+00	
  -2.7909856056292766e+00	   4.7478356840291219e-01	   0.0000000000000000e+00	
  -2.7877935515993117e+00	   4.5278582423851277e-01	   0.0000000000000000e+00	
  -2.7844289247347835e+00	   4.3086257775410985e-01	   0.0000000000000000e+00	
  -2.7875775003901739e+00	   4.0999838673717881e-01	   0.0000000000000000e+00	
  -2.7838777256556475e+00	   3.8817808125815650e-01	   0.0000000000000000e+00	
  -2.7800078458345685e+00	   3.6643623613831822e-01	   0.0000000000000000e+00	
  -2.7759688289648845e+00	   3.4477417258560922e-01	   0.0000000000000000e+00	
  -2.7784729406081676e+00	   3.2397575183177801e-01	   0.0000000000000000e+00	
  -2.7741042667554821e+00	   3.0242689293334868e-01	   0.0000000000000000e+00	
  -2.7695690442346925e+00	   2.8096167723462262e-01	   0.0000000000000000e+00	
  -2.7648682811120611e+00	   2.5958138789020591e-01	   0.0000000000000000e+00	
  -2.7600029953107521e+00	   2.3828729764507378e-01	   0.0000000000000000e+00	
  -2.7617100927865277e+00	   2.1761142834038727e-01	   0.0000000000000000e+00	
  -2.7565226402093250e+00	   1.9644305379732246e-01	   0.0000000000000000e+00	
  -2.7511733988847431e+00	   1.7536460644326976e-01	   0.0000000000000000e+00	
  -2.7456634249727760e+00	   1.5437731947007102e-01	   0.0000000000000000e+00	
  -2.7399937840088797e+00	   1.3348241529282617e-01	   0.0000000000000000e+00	
  -2.7341655508017855e+00	   1.1268110547880048e-01	   0.0000000000000000e+00	
  -2.7281798093307739e+00	   9.1974590677244797e-02	   0.0000000000000000e+00	
  -2.7220376526424217e+00	   7.1364060550145714e-02	   0.0000000000000000e+00	
  -2.7157401827468268e+00	   5.0850693703923769e-02	   0.0000000000000000e+00	
  -2.7160448409634732e+00	   3.0511557017615543e-02	   0.0000000000000000e+00	
  -2.7094404649545645e+00	   1.0145408870117473e-02	   0.0000000000000000e+00	
  -2.7026837555656500e+00	  -1.0120108598620919e-02	   0.0000000000000000e+00	
  -2.6957758496129998e+00	  -3.0283858830916919e-02	   0.0000000000000000e+00	
  -2.6887178923712369e+00	  -5.0344716652143441e-02	   0.0000000000000000e+00	
  -2.6815110374666040e+00	  -7.0301568333518236e-02	   0.0000000000000000e+00	
  -2.6741564467697683e+00	  -9.0153311653933005e-02	   0.0000000000000000e+00	
  -2.6666552902881611e+00	  -1.0989885596080541e-01	   0.0000000000000000e+00	
  -2.6590087460578786e+00	  -1.2953712222998404e-01	   0.0000000000000000e+00	
  -2.6512180000351373e+00	  -1.4906704312466318e-01	   0.0000000000000000e+00	
  -2.6432842459873021e+00	  -1.6848756305333759e-01	   0.0000000000000000e+00	
  -2.6352086853834868e+00	  -1.8779763822678017e-01	   0.0000000000000000e+00	
  -2.6269925272847461e+00	  -2.0699623671402692e-01	   0.0000000000000000e+00	
  -2.6186369882338600e+00	  -2.2608233849739925e-01	   0.0000000000000000e+00	
  -2.6101432921447199e+00	  -2.4505493552652044e-01	   0.0000000000000000e+00	
  -2.6015126701913251e+00	  -2.6391303177135672e-01	   0.0000000000000000e+00	
  -2.5927463606964070e+00	  -2.8265564327426779e-01	   0.0000000000000000e+00	
  -2.5838456090196726e+00	  -3.0128179820104961e-01	   0.0000000000000000e+00	
  -2.5748116674456902e+00	  -3.1979053689099984e-01	   0.0000000000000000e+00	
  -2.5656457950714211e+00	  -3.3818091190596594e-01	   0.0000000000000000e+00	
  -2.5563492576934075e+00	  -3.5645198807840334e-01	   0.0000000000000000e+00	
  -2.5469233276946195e+00	  -3.7460284255842957e-01	   0.0000000000000000e+00	
  -2.5373692839309778e+00	  -3.9263256485986031e-01	   0.0000000000000000e+00	
  -2.5276884116175573e+00	  -4.1054025690525436e-01	   0.0000000000000000e+00	
  -2.5178820022144786e+00	  -4.2832503306993031e-01	   0.0000000000000000e+00	
  -2.5079513533124995e+00	  -4.4598602022498146e-01	   0.0000000000000000e+00	
  -2.4978977685183117e+00	  -4.6352235777927669e-01	   0.0000000000000000e+00	
  -2.4877225573395574e+00	  -4.8093319772043158e-01	   0.0000000000000000e+00	
  -2.4774270350695655e+00	  -4.9821770465477899e-01	   0.0000000000000000e+00	
  -2.4670125226718254e+00	  -5.1537505584630128e-01	   0.0000000000000000e+00	
  -2.4564803466642018e+00	  -5.3240444125455100e-01	   0.0000000000000000e+00	
  -2.4458318390029006e+00	  -5.4930506357154973e-01	   0.0000000000000000e+00	
  -2.4350683369661947e+00	  -5.6607613825764636e-01	   0.0000000000000000e+00	
  -2.4241911830379204e+00	  -5.8271689357636858e-01	   0.0000000000000000e+00	
  -2.4132017247907491e+00	  -5.9922657062822660e-01	   0.0000000000000000e+00	
  -2.4021013147692476e+00	  -6.1560442338349930e-01	   0.0000000000000000e+00	
  -2.3908913103727318e+00	  -6.3184971871398821e-01	   0.0000000000000000e+00	
  -2.3795730737379293e+00	  -6.4796173642372901e-01	   0.0000000000000000e+00	
  -2.3681479716214491e+00	  -6.6393976927868525e-01	   0.0000000000000000e+00	
  -2.3566173752820787e+00	  -6.7978312303538990e-01	   0.0000000000000000e+00	
  -2.3449826603629114e+00	  -6.9549111646856521e-01	   0.0000000000000000e+00	
  -2.3332452067733085e+00	  -7.1106308139770236e-01	   0.0000000000000000e+00	
  -2.3214063985707192e+00	  -7.2649836271259560e-01	   0.0000000000000000e+00	
  -2.3094676238423522e+00	  -7.4179631839784943e-01	   0.0000000000000000e+00	
  -2.2974302745867146e+00	  -7.5695631955634379e-01	   0.0000000000000000e+00	
  -2.2852957465950277e+00	  -7.7197775043165129e-01	   0.0000000000000000e+00	
  -2.2730654393325285e+00	  -7.8686000842942894e-01	   0.0000000000000000e+00	
  -2.2607407558196644e+00	  -8.0160250413775569e-01	   0.0000000000000000e+00	
  -2.2483231025131873e+00	  -8.1620466134643688e-01	   0.0000000000000000e+00	
  -2.2358138891871602e+00	  -8.3066591706526904e-01	   0.0000000000000000e+00	
  -2.2232145288138909e+00	  -8.4498572154125307e-01	   0.0000000000000000e+00	
  -2.2105264374447846e+00	  -8.5916353827478098e-01	   0.0000000000000000e+00	
  -2.1977510340911381e+00	  -8.7319884403476455e-01	   0.0000000000000000e+00	
  -2.1848897406048891e+00	  -8.8709112887273356e-01	   0.0000000000000000e+00	
  -2.1719439815593073e+00	  -9.0083989613589388e-01	   0.0000000000000000e+00	
  -2.1589151841296643e+00	  -9.1444466247912970e-01	   0.0000000000000000e+00	
  -2.1458047779738640e+00	  -9.2790495787598448e-01	   0.0000000000000000e+00	
  -2.1326141951130699e+00	  -9.4122032562858282e-01	   0.0000000000000000e+00	
  -2.1193448698123123e+00	  -9.5439032237652144e-01	   0.0000000000000000e+00	
  -2.1059982384611007e+00	  -9.6741451810472312e-01	   0.0000000000000000e+00	
  -2.0925757394540474e+00	  -9.8029249615023739e-01	   0.0000000000000000e+00	
  -2.0790788130715048e+00	  -9.9302385320802034e-01	   0.0000000000000000e+00	
  -2.0655089013602352e+00	  -1.0056081993356563e+00	   0.0000000000000000e+00	
  -2.0518674480141108e+00	  -1.0180451579570577e+00	   0.0000000000000000e+00	
  -2.0381558982548622e+00	  -1.0303343658651263e+00	   0.0000000000000000e+00	
  -2.0243756987128818e+00	  -1.0424754732233625e+00	   0.0000000000000000e+00	
  -2.0105282973080829e+00	  -1.0544681435664651e+00	   0.0000000000000000e+00	
  -1.9966151431308405e+00	  -1.0663120537998734e+00	   0.0000000000000000e+00	
  -1.9826376863230033e+00	  -1.0780068941982910e+00	   0.0000000000000000e+00	
  -1.9685973779589956e+00	  -1.0895523684031747e+00	   0.0000000000000000e+00	
  -1.9544956699270251e+00	  -1.1009481934191874e+00	   0.0000000000000000e+00	
  -1.9403340148103851e+00	  -1.1121940996096324e+00	   0.0000000000000000e+00	
  -1.9261138657688801e+00	  -1.1232898306908483e+00	   0.0000000000000000e+00	
  -1.9118366764203742e+00	  -1.1342351437255835e+00	   0.0000000000000000e+00	
  -1.8975039007224677e+00	  -1.1450298091153528e+00	   0.0000000000000000e+00	
  -1.8831169928543221e+00	  -1.1556736105917547e+00	   0.0000000000000000e+00	
  -1.8686774070986261e+00	  -1.1661663452067834e+00	   0.0000000000000000e+00	
  -1.8541865977237308e+00	  -1.1765078233221107e+00	   0.0000000000000000e+00	
  -1.8396460188659443e+00	  -1.1866978685973542e+00	   0.0000000000000000e+00	
  -1.8250571244120006e+00	  -1.1967363179773325e+00	   0.0000000000000000e+00	
  -1.8104213678817251e+00	  -1.2066230216782994e+00	   0.0000000000000000e+00	
  -1.7957402023108802e+00	  -1.2163578431731719e+00	   0.0000000000000000e+00	
  -1.7810150801342153e+00	  -1.2259406591757498e+00	   0.0000000000000000e+00	
  -1.7662474530687351e+00	  -1.2353713596239173e+00	   0.0000000000000000e+00	
  -1.7514387719971767e+00	  -1.2446498476618579e+00	   0.0000000000000000e+00	
  -1.7365904868517201e+00	  -1.2537760396212454e+00	   0.0000000000000000e+00	
  -1.7217040464979319e+00	  -1.2627498650014497e+00	   0.0000000000000000e+00	
  -1.7067808986189523e+00	  -1.2715712664487413e+00	   0.0000000000000000e+00	
  -1.6918224895999412e+00	  -1.2802401997344943e+00	   0.0000000000000000e+00	
  -1.6768302644127715e+00	  -1.2887566337324041e+00	   0.0000000000000000e+00	
  -1.6618056665010106e+00	  -1.2971205503947112e+00	   0.0000000000000000e+00	
  -1.6467501376651641e+00	  -1.3053319447274372e+00	   0.0000000000000000e+00	
  -1.6316651179482111e+00	  -1.3133908247646415e+00	   0.0000000000000000e+00	
  -1.6165520455214368e+00	  -1.3212972115416861e+00	   0.0000000000000000e+00	
  -1.6014123565705636e+00	  -1.3290511390675364e+00	   0.0000000000000000e+00	
  -1.5862474851821948e+00	  -1.3366526542960697e+00	   0.0000000000000000e+00	
  -1.5710588632305782e+00	  -1.3441018170964250e+00	   0.0000000000000000e+00	
  -1.5558479202646935e+00	  -1.3513987002223797e+00	   0.0000000000000000e+00	
  -1.5406160833956841e+00	  -1.3585433892807537e+00	   0.0000000000000000e+00	
  -1.5253647771846173e+00	  -1.3655359826988598e+00	   0.0000000000000000e+00	
  -1.5100954235306134e+00	  -1.3723765916909898e+00	   0.0000000000000000e+00	
  -1.4948094415593243e+00	  -1.3790653402239450e+00	   0.0000000000000000e+00	
  -1.4795082475117785e+00	  -1.3856023649816185e+00	   0.0000000000000000e+00	
  -1.4641932546336105e+00	  -1.3919878153286203e+00	   0.0000000000000000e+00	
  -1.4488658730646669e+00	  -1.3982218532729687e+00	   0.0000000000000000e+00	
  -1.4335275097290074e+00	  -1.4043046534278265e+00	   0.0000000000000000e+00	
  -1.4181795682253042e+00	  -1.4102364029723136e+00	   0.0000000000000000e+00	
  -1.4028234487176485e+00	  -1.4160173016113773e+00	   0.0000000000000000e+00	
  -1.3874605478267759e+00	  -1.4216475615347317e+00	   0.0000000000000000e+00	
  -1.3720922585217090e+00	  -1.4271274073748792e+00	   0.0000000000000000e+00	
  -1.3567199700118369e+00	  -1.4324570761642013e+00	   0.0000000000000000e+00	
  -1.3413450676394303e+00	  -1.4376368172911360e+00	   0.0000000000000000e+00	
  -1.3259689327726005e+00	  -1.4426668924554440e+00	   0.0000000000000000e+00	
  -1.3105929426987204e+00	  -1.4475475756225591e+00	   0.0000000000000000e+00	
  -1.2952184705182976e+00	  -1.4522791529770385e+00	   0.0000000000000000e+00	
  -1.2798468850393219e+00	  -1.4568619228751121e+00	   0.0000000000000000e+00	
  -1.2644795506720914e+00	  -1.4612961957963326e+00	   0.0000000000000000e+00	
  -1.2491178273245149e+00	  -1.4655822942943375e+00	   0.0000000000000000e+00	
  -1.2337630702979163e+00	  -1.4697205529467194e+00	   0.0000000000000000e+00	
  -1.2184166301833310e+00	  -1.4737113183040196e+00	   0.0000000000000000e+00	
  -1.2030798527583066e+00	  -1.4775549488378386e+00	   0.0000000000000000e+00	
  -1.1877540788842296e+00	  -1.4812518148880747e+00	   0.0000000000000000e+00	
  -1.1724406444041555e+00	  -1.4848022986092966e+00	   0.0000000000000000e+00	
  -1.1571408800411835e+00	  -1.4882067939162484e+00	   0.0000000000000000e+00	
  -1.1418561112973584e+00	  -1.4914657064284991e+00	   0.0000000000000000e+00	
  -1.1265876583531114e+00	  -1.4945794534142376e+00	   0.0000000000000000e+00	
  -1.1113368359672635e+00	  -1.4975484637332184e+00	   0.0000000000000000e+00	
  -1.0961049533775704e+00	  -1.5003731777788640e+00	   0.0000000000000000e+00	
  -1.0808933142018453e+00	  -1.5030540474195282e+00	   0.0000000000000000e+00	
  -1.0657032163396414e+00	  -1.5055915359389280e+00	   0.0000000000000000e+00	
  -1.0505359518745163e+00	  -1.5079861179757466e+00	   0.0000000000000000e+00	
  -1.0353928069768872e+00	  -1.5102382794624110e+00	   0.0000000000000000e+00	
  -1.0202750618074625e+00	  -1.5123485175630587e+00	   0.0000000000000000e+00	
  -1.0051839904212889e+00	  -1.5143173406106851e+00	   0.0000000000000000e+00	
  -9.9012086067239324e-01	  -1.5161452680434899e+00	   0.0000000000000000e+00	
  -9.7508693411903280e-01	  -1.5178328303404209e+00	   0.0000000000000000e+00	
  -9.6008346592957816e-01	  -1.5193805689559212e+00	   0.0000000000000000e+00	
  -9.4511170478900308e-01	  -1.5207890362538901e+00	   0.0000000000000000e+00	
  -9.3017289280602178e-01	  -1.5220587954408560e+00	   0.0000000000000000e+00	
  -9.1526826542085427e-01	  -1.5231904204983744e+00	   0.0000000000000000e+00	
  -9.0039905131363573e-01	  -1.5241844961146533e+00	   0.0000000000000000e+00	
  -8.8556647231348640e-01	  -1.5250416176154096e+00	   0.0000000000000000e+00	
  -8.7077174330822416e-01	  -1.5257623908939670e+00	   0.0000000000000000e+00	
  -8.5601607215475473e-01	  -1.5263474323406010e+00	   0.0000000000000000e+00	
  -8.4130065959012212e-01	  -1.5267973687711303e+00	   0.0000000000000000e+00	
  -8.2662669914323494e-01	  -1.5271128373547720e+00	   0.0000000000000000e+00	
  -8.1199537704728353e-01	  -1.5272944855412540e+00	   0.0000000000000000e+00	
  -7.9740787215283093e-01	  -1.5273429709872042e+00	   0.0000000000000000e+00	
  -7.8286535584161321e-01	  -1.5272589614818080e+00	   0.0000000000000000e+00	
  -7.6836899194102792e-01	  -1.5270431348717546e+00	   0.0000000000000000e+00	
  -7.5391993663933110e-01	  -1.5266961789854703e+00	   0.0000000000000000e+00	
  -7.3951933840155260e-01	  -1.5262187915566430e+00	   0.0000000000000000e+00	
  -7.2516833788612034e-01	  -1.5256116801470523e+00	   0.0000000000000000e+00	
  -7.1086806786221002e-01	  -1.5248755620687084e+00	   0.0000000000000000e+00	
  -6.9661965312782947e-01	  -1.5240111643052996e+00	   0.0000000000000000e+00	
  -6.8242421042862766e-01	  -1.5230192234329667e+00	   0.0000000000000000e+00	
  -6.6828284837745433e-01	  -1.5219004855404017e+00	   0.0000000000000000e+00	
  -6.5419666737465665e-01	  -1.5206557061482808e+00	   0.0000000000000000e+00	
  -6.4016675952913016e-01	  -1.5192856501280423e+00	   0.0000000000000000e+00	
  -6.2619420858013031e-01	  -1.5177910916200030e+00	   0.0000000000000000e+00	
  -6.1228008981983584e-01	  -1.5161728139508406e+00	   0.0000000000000000e+00	
  -5.9842547001669089e-01	  -1.5144316095504280e+00	   0.0000000000000000e+00	
  -5.8463140733951180e-01	  -1.5125682798680393e+00	   0.0000000000000000e+00	
  -5.7089895128237067e-01	  -1.5105836352879334e+00	   0.0000000000000000e+00	
  -5.5722914259026912e-01	  -1.5084784950443120e+00	   0.0000000000000000e+00	
  -5.4362301318558937e-01	  -1.5062536871356762e+00	   0.0000000000000000e+00	
  -5.3008158609534806e-01	  -1.5039100482385706e+00	   0.0000000000000000e+00	
  -5.1660587537923996e-01	  -1.5014484236207344e+00	   0.0000000000000000e+00	
  -5.0319688605848523e-01	  -1.4988696670536648e+00	   0.0000000000000000e+00	
  -4.8985561404548988e-01	  -1.4961746407245902e+00	   0.0000000000000000e+00	
  -4.7658304607430724e-01	  -1.4933642151478772e+00	   0.0000000000000000e+00	
  -4.6338015963192852e-01	  -1.4904392690758619e+00	   0.0000000000000000e+00	
  -4.5024792289038434e-01	  -1.4874006894091232e+00	   0.0000000000000000e+00	
  -4.3718729463967498e-01	  -1.4842493711062044e+00	   0.0000000000000000e+00	
  -4.2419922422153494e-01	  -1.4809862170927819e+00	   0.0000000000000000e+00	
  -4.1128465146402421e-01	  -1.4776121381703038e+00	   0.0000000000000000e+00	
  -3.9844450661696718e-01	  -1.4741280529240879e+00	   0.0000000000000000e+00	
  -3.8567971028822812e-01	  -1.4705348876309017e+00	   0.0000000000000000e+00	
  -3.7299117338083432e-01	  -1.4668335761660247e+00	   0.0000000000000000e+00	
  -3.6037979703095713e-01	  -1.4630250599097976e+00	   0.0000000000000000e+00	
  -3.4784647254674195e-01	  -1.4591102876536746e+00	   0.0000000000000000e+00	
  -3.3539208134799892e-01	  -1.4550902155057799e+00	   0.0000000000000000e+00	
  -3.2301749490675907e-01	  -1.4509658067959772e+00	   0.0000000000000000e+00	
  -3.1072357468870326e-01	  -1.4467380319804595e+00	   0.0000000000000000e+00	
  -2.9851117209544681e-01	  -1.4424078685458706e+00	   0.0000000000000000e+00	
  -2.8638112840771490e-01	  -1.4379763009129607e+00	   0.0000000000000000e+00	
  -2.7433427472939448e-01	  -1.4334443203397873e+00	   0.0000000000000000e+00	
  -2.6237143193245682e-01	  -1.4288129248244674e+00	   0.0000000000000000e+00	
  -2.5049341060278046e-01	  -1.4240831190074910e+00	   0.0000000000000000e+00	
  -2.3870101098685451e-01	  -1.4192559140735999e+00	   0.0000000000000000e+00	
  -2.2699502293938406e-01	  -1.4143323276532442e+00	   0.0000000000000000e+00	
  -2.1537622587177729e-01	  -1.4093133837236214e+00	   0.0000000000000000e+00	
  -2.0384538870154512e-01	  -1.4042001125093067e+00	   0.0000000000000000e+00	
  -1.9240326980260342e-01	  -1.3989935503824811e+00	   0.0000000000000000e+00	
  -1.8105061695646876e-01	  -1.3936947397627695e+00	   0.0000000000000000e+00	
  -1.6978816730437613e-01	  -1.3883047290166928e+00	   0.0000000000000000e+00	
  -1.5861664730030800e-01	  -1.3828245723567396e+00	   0.0000000000000000e+00	
  -1.4753677266492640e-01	  -1.3772553297400765e+00	   0.0000000000000000e+00	
  -1.3654924834043689e-01	  -1.3715980667668901e+00	   0.0000000000000000e+00	
  -1.2565476844636442e-01	  -1.3658538545783794e+00	   0.0000000000000000e+00	
  -1.1485401623626174e-01	  -1.3600237697544064e+00	   0.0000000000000000e+00	
  -1.0414766405532912e-01	  -1.3541088942108028e+00	   0.0000000000000000e+00	
  -9.3536373298976391e-02	  -1.3481103150963565e+00	   0.0000000000000000e+00	
  -8.3020794372315201e-02	  -1.3420291246894724e+00	   0.0000000000000000e+00	
  -7.2601566650573393e-02	  -1.3358664202945230e+00	   0.0000000000000000e+00	
  -6.2279318440457615e-02	  -1.3296233041378944e+00	   0.0000000000000000e+00	
  -5.2054666942454114e-02	  -1.3233008832637376e+00	   0.0000000000000000e+00	
  -4.1928218214058510e-02	  -1.3169002694294321e+00	   0.0000000000000000e+00	
  -3.1900567133960320e-02	  -1.3104225790007691e+00	   0.0000000000000000e+00	
  -2.1972297367172468e-02	  -1.3038689328468647e+00	   0.0000000000000000e+00	
  -1.2143981331096017e-02	  -1.2972404562348117e+00	   0.0000000000000000e+00	
  -2.4161801625470387e-03	  -1.2905382787240729e+00	   0.0000000000000000e+00	
   7.2105563142733772e-03	  -1.2837635340606337e+00	   0.0000000000000000e+00	
   1.6735689618848772e-02	  -1.2769173600709125e+00	   0.0000000000000000e+00	
   2.6158692644475155e-02	  -1.2700008985554447e+00	   0.0000000000000000e+00	
   3.5479049687421174e-02	  -1.2630152951823432e+00	   0.0000000000000000e+00	
   4.4696256475130584e-02	  -1.2559616993805469e+00	   0.0000000000000000e+00	
   5.3809820193476646e-02	  -1.2488412642328670e+00	   0.0000000000000000e+00	
   6.2819259513044443e-02	  -1.2416551463688341e+00	   0.0000000000000000e+00	
   7.1724104614451029e-02	  -1.2344045058573592e+00	   0.0000000000000000e+00	
   8.0523897212713150e-02	  -1.2270905060992163e+00	   0.0000000000000000e+00	
   8.9711108760641381e-02	  -1.2264530668338234e+00	   0.0000000000000000e+00	
   9.8349919291094753e-02	  -1.2190119712282514e+00	   0.0000000000000000e+00	
   1.0688234142496654e-01	  -1.2115106477777267e+00	   0.0000000000000000e+00	
   1.1530796041136628e-01	  -1.2039502723708062e+00	   0.0000000000000000e+00	
   1.2362637314297441e-01	  -1.1963320237090955e+00	   0.0000000000000000e+00	
   1.3258203104579622e-01	  -1.1953726599400527e+00	   0.0000000000000000e+00	
   1.4073513952431613e-01	  -1.1876364452674966e+00	   0.0000000000000000e+00	
   1.4877985787716158e-01	  -1.1798455329298378e+00	   0.0000000000000000e+00	
   1.5761134594289766e-01	  -1.1786982613521195e+00	   0.0000000000000000e+00	
   1.6548834694283454e-01	  -1.1707946294266158e+00	   0.0000000000000000e+00	
   1.7325586246886612e-01	  -1.1628394990262525e+00	   0.0000000000000000e+00	
   1.8091356577141515e-01	  -1.1548340663170817e+00	   0.0000000000000000e+00	
   1.8955684618643909e-01	  -1.1534468522955119e+00	   0.0000000000000000e+00	
   1.9704389160153771e-01	  -1.1453360187927182e+00	   0.0000000000000000e+00	
   2.0442015097306118e-01	  -1.1371781094956848e+00	   0.0000000000000000e+00	
   2.1293054980292278e-01	  -1.1356153538063203e+00	   0.0000000000000000e+00	
   2.2013410030629643e-01	  -1.1273573949394682e+00	   0.0000000000000000e+00	
   2.2857051285006377e-01	  -1.1256772355776881e+00	   0.0000000000000000e+00	
   2.3560002341972250e-01	  -1.1173225683450014e+00	   0.0000000000000000e+00	
   2.4251729783997802e-01	  -1.1089261180379226e+00	   0.0000000000000000e+00	
   2.5081505406162463e-01	  -1.1070788516064813e+00	   0.0000000000000000e+00	
   2.5755648931302810e-01	  -1.0985911066473126e+00	   0.0000000000000000e+00	
   2.6577642668944867e-01	  -1.0966315041106596e+00	   0.0000000000000000e+00	
   2.7234085090350324e-01	  -1.0880558455420712e+00	   0.0000000000000000e+00	
   2.8048147694491166e-01	  -1.0859858208926656e+00	   0.0000000000000000e+00	
   2.8686778004501018e-01	  -1.0773256442145063e+00	   0.0000000000000000e+00	
   2.9492764209647027e-01	  -1.0751471307860938e+00	   0.0000000000000000e+00	
   3.0113477596559479e-01	  -1.0664058448635219e+00	   0.0000000000000000e+00	
   3.0911246144910715e-01	  -1.0641207945678934e+00	   0.0000000000000000e+00	
   3.1513944007868916e-01	  -1.0553018205377729e+00	   0.0000000000000000e+00	
   3.2303357672135147e-01	  -1.0529122030986526e+00	   0.0000000000000000e+00	
   3.2887947634129316e-01	  -1.0440189732745195e+00	   0.0000000000000000e+00	
   3.3668873238951186e-01	  -1.0415267754588207e+00	   0.0000000000000000e+00	
   3.4235269157933862e-01	  -1.0325627322347462e+00	   0.0000000000000000e+00	
   3.5007577599907674e-01	  -1.0299699570814411e+00	   0.0000000000000000e+00	
   3.5555699578023520e-01	  -1.0209385518351106e+00	   0.0000000000000000e+00	
   3.6319265844324622e-01	  -1.0182472178819673e+00	   0.0000000000000000e+00	
   3.6849040235254094e-01	  -1.0091519098772883e+00	   0.0000000000000000e+00	
   3.7603743420860303e-01	  -1.0063640503857074e+00	   0.0000000000000000e+00	
   3.8356337663349171e-01	  -1.0035197506479034e+00	   0.0000000000000000e+00	
   3.8860826158788547e-01	  -9.9432596785348748e-01	   0.0000000000000000e+00	
   3.9604370037796988e-01	  -9.9138786492122133e-01	   0.0000000000000000e+00	
   4.0090340285989140e-01	  -9.8213850240607603e-01	   0.0000000000000000e+00	
   4.0824722704293137e-01	  -9.7910866503409488e-01	   0.0000000000000000e+00	
   4.1556815536238745e-01	  -9.7602391598863636e-01	   0.0000000000000000e+00	
   4.2017236464236429e-01	  -9.6668771216904914e-01	   0.0000000000000000e+00	
   4.2739994018321520e-01	  -9.6351400612506433e-01	   0.0000000000000000e+00	
   4.3460354571256810e-01	  -9.6028626300798992e-01	   0.0000000000000000e+00	
   4.3895083634857374e-01	  -9.5087001855937769e-01	   0.0000000000000000e+00	
   4.4605942932519371e-01	  -9.4755612732771988e-01	   0.0000000000000000e+00	
   4.5314300580404554e-01	  -9.4418909399394058e-01	   0.0000000000000000e+00	
   4.5723212871770846e-01	  -9.3469962928026951e-01	   0.0000000000000000e+00	
   4.6421911179467740e-01	  -9.3124928604158475e-01	   0.0000000000000000e+00	
   4.7118005991842921e-01	  -9.2774671524272490e-01	   0.0000000000000000e+00	
   4.7811458269582041e-01	  -9.2419211331952067e-01	   0.0000000000000000e+00	
   4.8187279581822140e-01	  -9.1460785053740257e-01	   0.0000000000000000e+00	
   4.8870862405741006e-01	  -9.1097354099130134e-01	   0.0000000000000000e+00	
   4.9551704389000695e-01	  -9.0728814101630684e-01	   0.0000000000000000e+00	
   4.9901468214724409e-01	  -8.9764628960713622e-01	   0.0000000000000000e+00	
   5.0572300748931831e-01	  -8.9388408305547795e-01	   0.0000000000000000e+00	
   5.1240297020153558e-01	  -8.9007174450861981e-01	   0.0000000000000000e+00	
   5.1905419564934685e-01	  -8.8620948777520048e-01	   0.0000000000000000e+00	
   5.2567631080988753e-01	  -8.8229752946343465e-01	   0.0000000000000000e+00	
   5.2876717492254643e-01	  -8.7255756206785529e-01	   0.0000000000000000e+00	
   5.3528678079336489e-01	  -8.6857324774900035e-01	   0.0000000000000000e+00	
   5.4177636599949797e-01	  -8.6454022095085215e-01	   0.0000000000000000e+00	
   5.4823556658340289e-01	  -8.6045870785897993e-01	   0.0000000000000000e+00	
   5.5466402029160877e-01	  -8.5632893737822491e-01	   0.0000000000000000e+00	
   5.5734572840565777e-01	  -8.4650775607933681e-01	   0.0000000000000000e+00	
   5.6366945037336336e-01	  -8.4231015237280482e-01	   0.0000000000000000e+00	
   5.6996155988178587e-01	  -8.3806530910880006e-01	   0.0000000000000000e+00	
   5.7622170404847550e-01	  -8.3377346435226529e-01	   0.0000000000000000e+00	
   5.8244953178370773e-01	  -8.2943485880414181e-01	   0.0000000000000000e+00	
   5.8864469381017070e-01	  -8.2504973578787211e-01	   0.0000000000000000e+00	
   5.9084146373133517e-01	  -8.1514755229418245e-01	   0.0000000000000000e+00	
   5.9692939525498312e-01	  -8.1069998418397893e-01	   0.0000000000000000e+00	
   6.0298384899091284e-01	  -8.0620694931976833e-01	   0.0000000000000000e+00	
   6.0900448538520380e-01	  -8.0166869968590315e-01	   0.0000000000000000e+00	
   6.1499096678052234e-01	  -7.9708548980253180e-01	   0.0000000000000000e+00	
   6.2094295743506267e-01	  -7.9245757671132233e-01	   0.0000000000000000e+00	
   6.2686012354137544e-01	  -7.8778521996104700e-01	   0.0000000000000000e+00	
   6.3274213324508477e-01	  -7.8306868159302789e-01	   0.0000000000000000e+00	
   6.3430282675301208e-01	  -7.7308468098465011e-01	   0.0000000000000000e+00	
   6.4007453794505331e-01	  -7.6831281772102866e-01	   0.0000000000000000e+00	
   6.4581035162613931e-01	  -7.6349786491680660e-01	   0.0000000000000000e+00	
   6.5150994611274482e-01	  -7.5864009261056609e-01	   0.0000000000000000e+00	
   6.5717300175263627e-01	  -7.5373977324235020e-01	   0.0000000000000000e+00	
   6.6279920094280154e-01	  -7.4879718163838183e-01	   0.0000000000000000e+00	
   6.6838822814725829e-01	  -7.4381259499565378e-01	   0.0000000000000000e+00	
   6.7393976991475535e-01	  -7.3878629286637865e-01	   0.0000000000000000e+00	
   6.7945351489634931e-01	  -7.3371855714231216e-01	   0.0000000000000000e+00	
   6.8492915386286479e-01	  -7.2860967203894578e-01	   0.0000000000000000e+00	
   6.9036637972224002e-01	  -7.2345992407956361e-01	   0.0000000000000000e+00	
   6.9576488753674859e-01	  -7.1826960207917445e-01	   0.0000000000000000e+00	
   7.0112437454009879e-01	  -7.1303899712831642e-01	   0.0000000000000000e+00	
   7.0644454015441793e-01	  -7.0776840257672780e-01	   0.0000000000000000e+00	
   7.1172508600710771e-01	  -7.0245811401689640e-01	   0.0000000000000000e+00	
   7.1696571594757597e-01	  -6.9710842926748473e-01	   0.0000000000000000e+00	
   7.2216613606384983e-01	  -6.9171964835662225e-01	   0.0000000000000000e+00	
   7.2732605469905620e-01	  -6.8629207350508248e-01	   0.0000000000000000e+00	
   7.3244518246778123e-01	  -6.8082600910933089e-01	   0.0000000000000000e+00	
   7.3752323227229610e-01	  -6.7532176172445735e-01	   0.0000000000000000e+00	
   7.4255991931866305e-01	  -6.6977964004697887e-01	   0.0000000000000000e+00	
   7.4755496113270592e-01	  -6.6419995489752826e-01	   0.0000000000000000e+00	
   7.5250807757584914e-01	  -6.5858301920342577e-01	   0.0000000000000000e+00	
   7.5741899086083408e-01	  -6.5292914798112345e-01	   0.0000000000000000e+00	
   7.6228742556729534e-01	  -6.4723865831854110e-01	   0.0000000000000000e+00	
   7.7229630533732230e-01	  -6.4584640901510393e-01	   0.0000000000000000e+00	
   7.7711128144620867e-01	  -6.4004470431713989e-01	   0.0000000000000000e+00	
   7.8188267456735738e-01	  -6.3420710378139056e-01	   0.0000000000000000e+00	
   7.8661021710515833e-01	  -6.2833393479992727e-01	   0.0000000000000000e+00	
   7.9129364392328638e-01	  -6.2242552675962026e-01	   0.0000000000000000e+00	
   7.9593269235957476e-01	  -6.1648221102366130e-01	   0.0000000000000000e+00	
   8.0052710224074364e-01	  -6.1050432091298212e-01	   0.0000000000000000e+00	
   8.0507661589699087e-01	  -6.0449219168756241e-01	   0.0000000000000000e+00	
   8.1501440756017973e-01	  -6.0246257771237244e-01	   0.0000000000000000e+00	
   8.1950329173772662e-01	  -5.9634218105508652e-01	   0.0000000000000000e+00	
   8.2394621544247126e-01	  -5.9018833954301042e-01	   0.0000000000000000e+00	
   8.2834292950046207e-01	  -5.8400139830406206e-01	   0.0000000000000000e+00	
   8.3269318732933728e-01	  -5.7778170432250298e-01	   0.0000000000000000e+00	
   8.3699674495215637e-01	  -5.7152960641947681e-01	   0.0000000000000000e+00	
   8.4686171675115318e-01	  -5.6901375826833900e-01	   0.0000000000000000e+00	
   8.5109921542611411e-01	  -5.6265580055520903e-01	   0.0000000000000000e+00	
   8.5528898162368761e-01	  -5.5626628723165072e-01	   0.0000000000000000e+00	
   8.5943078036783638e-01	  -5.4984557664284417e-01	   0.0000000000000000e+00	
   8.6352437937269877e-01	  -5.4339402888361366e-01	   0.0000000000000000e+00	
   8.7331504275797034e-01	  -5.4046771442577224e-01	   0.0000000000000000e+00	
   8.7733802322914112e-01	  -5.3391245278636890e-01	   0.0000000000000000e+00	
   8.8131179966323114e-01	  -5.2732724755917004e-01	   0.0000000000000000e+00	
   8.8523614919762894e-01	  -5.2071246806440763e-01	   0.0000000000000000e+00	
   8.8911085174174842e-01	  -5.1406848528093618e-01	   0.0000000000000000e+00	
   8.9881026689719568e-01	  -5.1073380124533452e-01	   0.0000000000000000e+00	
   9.0260986028235313e-01	  -5.0398844404945231e-01	   0.0000000000000000e+00	
   9.0635883230167613e-01	  -4.9721482150380353e-01	   0.0000000000000000e+00	
   9.1600505748922312e-01	  -4.9361862927017403e-01	   0.0000000000000000e+00	
   9.1967599612706952e-01	  -4.8674498318532539e-01	   0.0000000000000000e+00	
   9.2329535627336856e-01	  -4.7984403882140048e-01	   0.0000000000000000e+00	
   9.2686293494235306e-01	  -4.7291618320633499e-01	   0.0000000000000000e+00	
   9.3641995109163589e-01	  -4.6898753088303113e-01	   0.0000000000000000e+00	
   9.3990585920599590e-01	  -4.6196169187115760e-01	   0.0000000000000000e+00	
   9.4333905427073894e-01	  -4.5490994450969235e-01	   0.0000000000000000e+00	
   9.5282721047466890e-01	  -4.5072192740851585e-01	   0.0000000000000000e+00	
   9.5617587054193709e-01	  -4.4357372945335166e-01	   0.0000000000000000e+00	
   9.5947090508318922e-01	  -4.3640065440674136e-01	   0.0000000000000000e+00	
   9.6888336090000737e-01	  -4.3195440651091438e-01	   0.0000000000000000e+00	
   9.7209102399268099e-01	  -4.2468649308160372e-01	   0.0000000000000000e+00	
   9.7524416898455002e-01	  -4.1739476181994006e-01	   0.0000000000000000e+00	
   9.8457410068666085e-01	  -4.1269159378304016e-01	   0.0000000000000000e+00	
   9.8763706789620398e-01	  -4.0530671526576267e-01	   0.0000000000000000e+00	
   9.9691454794833112e-01	  -4.0041745456946626e-01	   0.0000000000000000e+00	
   9.9988525019545937e-01	  -3.9294050475419268e-01	   0.0000000000000000e+00	
   1.0027998755490475e+00	  -3.8544151752727779e-01	   0.0000000000000000e+00	
   1.0119831552676257e+00	  -3.8029777454781399e-01	   0.0000000000000000e+00	
   1.0148027621455893e+00	  -3.7270854271551357e-01	   0.0000000000000000e+00	
   1.0239252396031946e+00	  -3.6738027319827893e-01	   0.0000000000000000e+00	
   1.0266477746612130e+00	  -3.5970197138030907e-01	   0.0000000000000000e+00	
   1.0357059786761769e+00	  -3.5418985339804376e-01	   0.0000000000000000e+00	
   1.0383294025993424e+00	  -3.4642369753438906e-01	   0.0000000000000000e+00	
   1.0473198688217620e+00	  -3.4072847179919502e-01	   0.0000000000000000e+00	
   1.0498421571025294e+00	  -3.3287571899097068e-01	   0.0000000000000000e+00	
   1.0587614291127447e+00	  -3.2699818879937093e-01	   0.0000000000000000e+00	
   1.0611805728272254e+00	  -3.1906013713563852e-01	   0.0000000000000000e+00	
   1.0700252032341371e+00	  -3.1300116829477953e-01	   0.0000000000000000e+00	
   1.0723392098164941e+00	  -3.0497915666532111e-01	   0.0000000000000000e+00	
   1.0811057613554191e+00	  -2.9873967740029972e-01	   0.0000000000000000e+00	
   1.0833126553701089e+00	  -2.9063508529439369e-01	   0.0000000000000000e+00	
   1.0919977019998481e+00	  -2.8421608613671040e-01	   0.0000000000000000e+00	
   1.0940955259114717e+00	  -2.7603033342790267e-01	   0.0000000000000000e+00	
   1.1026956539102672e+00	  -2.6943286708504854e-01	   0.0000000000000000e+00	
   1.1046824688507790e+00	  -2.6116741380196939e-01	   0.0000000000000000e+00	
   1.1131942779108539e+00	  -2.5439259500814237e-01	   0.0000000000000000e+00	
   1.1216662009198812e+00	  -2.4750485198542566e-01	   0.0000000000000000e+00	
   1.1234882687642271e+00	  -2.3909794643937524e-01	   0.0000000000000000e+00	
   1.1318664295735967e+00	  -2.3203455872853723e-01	   0.0000000000000000e+00	
   1.1335723570233671e+00	  -2.2355169923871468e-01	   0.0000000000000000e+00	
   1.1418533924759857e+00	  -2.1631394141967542e-01	   0.0000000000000000e+00	
   1.1500892254758988e+00	  -2.0896462009350134e-01	   0.0000000000000000e+00	
   1.1516218751289002e+00	  -2.0034594014147097e-01	   0.0000000000000000e+00	
   1.1597551977504770e+00	  -1.9282420923268023e-01	   0.0000000000000000e+00	
   1.1678400754546989e+00	  -1.8519183413434268e-01	   0.0000000000000000e+00	
   1.1691941970424566e+00	  -1.7644088775089492e-01	   0.0000000000000000e+00	
   1.1771712191634465e+00	  -1.6863821766636047e-01	   0.0000000000000000e+00	
   1.1850965727692730e+00	  -1.6072591214569845e-01	   0.0000000000000000e+00	
   1.1929690627641638e+00	  -1.5270431027308376e-01	   0.0000000000000000e+00	
   1.1940791862194091e+00	  -1.4376608823355927e-01	   0.0000000000000000e+00	
   1.2018365121978989e+00	  -1.3557721793855132e-01	   0.0000000000000000e+00	
   1.2095377794792614e+00	  -1.2728018148819262e-01	   0.0000000000000000e+00	
   1.2171818027371728e+00	  -1.1887536207237584e-01	   0.0000000000000000e+00	
   1.2247673992617720e+00	  -1.1036315457030581e-01	   0.0000000000000000e+00	
   1.2255595454121695e+00	  -1.0118798757891631e-01	   0.0000000000000000e+00	
   1.2330207765543773e+00	  -9.2512679395509126e-02	   0.0000000000000000e+00	
   1.2404204274973203e+00	  -8.3731266067958249e-02	   0.0000000000000000e+00	
   1.2477573272836331e+00	  -7.4844186213790645e-02	   0.0000000000000000e+00	
   1.2550303080929943e+00	  -6.5851890039434965e-02	   0.0000000000000000e+00	
   1.2622382053500401e+00	  -5.6754839317668712e-02	   0.0000000000000000e+00	
   1.2693798578321134e+00	  -4.7553507364111618e-02	   0.0000000000000000e+00	
   1.2764541077768461e+00	  -3.8248379012746171e-02	   0.0000000000000000e+00	
   1.2834598009895548e+00	  -2.8839950590481753e-02	   0.0000000000000000e+00	
   1.2836397880658965e+00	  -1.9227532352048583e-02	   0.0000000000000000e+00	
   1.2905043516356203e+00	  -9.6646359578506334e-03	   0.0000000000000000e+00	
   1.2905405405405406e+00	   0.0000000000000000e+00	   0.0000000000000000e+00	
