   0.0000000000000000e+00	   1.6179054054054052e+00	   0.0000000000000000e+00	
  -1.2078264937900641e-02	   1.6127926111802227e+00	   0.0000000000000000e+00	
  -2.4155852486493920e-02	   1.6126569337438392e+00	   0.0000000000000000e+00	
  -3.6118243384237539e-02	   1.6073645244498131e+00	   0.0000000000000000e+00	
  -4.8002727522875481e-02	   1.6019836738871316e+00	   0.0000000000000000e+00	
  -5.9808653277893850e-02	   1.5965152520446979e+00	   0.0000000000000000e+00	
  -7.1535377685424811e-02	   1.5909601336952106e+00	   0.0000000000000000e+00	
  -8.3182266477232494e-02	   1.5853191983142418e+00	   0.0000000000000000e+00	
  -9.4748694114972512e-02	   1.5795933299990639e+00	   0.0000000000000000e+00	
  -1.0623404382372166e-01	   1.5737834173872252e+00	   0.0000000000000000e+00	
  -1.1763770762478129e-01	   1.5678903535748832e+00	   0.0000000000000000e+00	
  -1.2937606983304337e-01	   1.5669654187769879e+00	   0.0000000000000000e+00	
  -1.4065238298122137e-01	   1.5609054849382860e+00	   0.0000000000000000e+00	
  -1.5184521387366459e-01	   1.5547648220598582e+00	   0.0000000000000000e+00	
  -1.6295398791085586e-01	   1.5485443404499768e+00	   0.0000000000000000e+00	
  -1.7397813944405083e-01	   1.5422449544796502e+00	   0.0000000000000000e+00	
  -1.8552286779353089e-01	   1.5408988150258329e+00	   0.0000000000000000e+00	
  -1.9641377436529547e-01	   1.5344397017969398e+00	   0.0000000000000000e+00	
  -2.0721837938784471e-01	   1.5279041689601585e+00	   0.0000000000000000e+00	
  -2.1793615118303192e-01	   1.5212931465836697e+00	   0.0000000000000000e+00	
  -2.2932274239394887e-01	   1.5196184006703244e+00	   0.0000000000000000e+00	
  -2.3990279313288884e-01	   1.5128534006033156e+00	   0.0000000000000000e+00	
  -2.5039442572485077e-01	   1.5060154421363234e+00	   0.0000000000000000e+00	
  -2.6166569465297901e-01	   1.5040980502044798e+00	   0.0000000000000000e+00	
  -2.7201637251477784e-01	   1.4971103674981061e+00	   0.0000000000000000e+00	
  -2.8227711716073256e-01	   1.4900522903560172e+00	   0.0000000000000000e+00	
  -2.9342794674929540e-01	   1.4878965820695600e+00	   0.0000000000000000e+00	
  -3.0354462448873598e-01	   1.4806931011439390e+00	   0.0000000000000000e+00	
  -3.1462476834404912e-01	   1.4783783866032798e+00	   0.0000000000000000e+00	
  -3.2459533382441524e-01	   1.4710322323240441e+00	   0.0000000000000000e+00	
  -3.3447357757875285e-01	   1.4636199322591226e+00	   0.0000000000000000e+00	
  -3.4542499611189115e-01	   1.4610740748728752e+00	   0.0000000000000000e+00	
  -3.5515421676180914e-01	   1.4535235271335041e+00	   0.0000000000000000e+00	
  -3.6602944513538344e-01	   1.4508230791203316e+00	   0.0000000000000000e+00	
  -3.7560772581061097e-01	   1.4431370828225534e+00	   0.0000000000000000e+00	
  -3.8640459834019636e-01	   1.4402837532541151e+00	   0.0000000000000000e+00	
  -3.9583007255539721e-01	   1.4324651337959304e+00	   0.0000000000000000e+00	
  -4.0654645762749952e-01	   1.4294606618129566e+00	   0.0000000000000000e+00	
  -4.1581730963767000e-01	   1.4215122699934719e+00	   0.0000000000000000e+00	
  -4.2645111012275555e-01	   1.4183584241690721e+00	   0.0000000000000000e+00	
  -4.3556557526355227e-01	   1.4102831353029213e+00	   0.0000000000000000e+00	
  -4.4458309217383085e-01	   1.4021511509277340e+00	   0.0000000000000000e+00	
  -4.5507109393058098e-01	   1.3987824260275927e+00	   0.0000000000000000e+00	
  -4.6553357378541044e-01	   1.3953352527523262e+00	   0.0000000000000000e+00	
  -4.7433017712781256e-01	   1.3870148893444230e+00	   0.0000000000000000e+00	
  -4.8470399186930402e-01	   1.3834238180916165e+00	   0.0000000000000000e+00	
  -4.9333922400911751e-01	   1.3749853217528616e+00	   0.0000000000000000e+00	
  -5.0362241834433796e-01	   1.3712522323492273e+00	   0.0000000000000000e+00	
  -5.1209472203953998e-01	   1.3626985675150620e+00	   0.0000000000000000e+00	
  -5.2228537705189904e-01	   1.3588253659562408e+00	   0.0000000000000000e+00	
  -5.3244674056157737e-01	   1.3548759569472435e+00	   0.0000000000000000e+00	
  -5.4068948110732384e-01	   1.3461481348711111e+00	   0.0000000000000000e+00	
  -5.5075539093391890e-01	   1.3420612561855378e+00	   0.0000000000000000e+00	
  -5.5883143348026221e-01	   1.3332254989994372e+00	   0.0000000000000000e+00	
  -5.6880005918074061e-01	   1.3290031207276713e+00	   0.0000000000000000e+00	
  -5.7873678468031209e-01	   1.3247062075365230e+00	   0.0000000000000000e+00	
  -5.8657757623010787e-01	   1.3157065767126213e+00	   0.0000000000000000e+00	
  -5.9641422768921359e-01	   1.3112769036136918e+00	   0.0000000000000000e+00	
  -6.0621743025291341e-01	   1.3067736897406477e+00	   0.0000000000000000e+00	
  -6.1381970178166156e-01	   1.2976162875983552e+00	   0.0000000000000000e+00	
  -6.2352011426505927e-01	   1.2929831101923772e+00	   0.0000000000000000e+00	
  -6.3318555766469375e-01	   1.2882774179891210e+00	   0.0000000000000000e+00	
  -6.4054619540604907e-01	   1.2789684106199954e+00	   0.0000000000000000e+00	
  -6.5010620769338379e-01	   1.2741356060214033e+00	   0.0000000000000000e+00	
  -6.5962975986032835e-01	   1.2692313436563121e+00	   0.0000000000000000e+00	
  -6.6911631779437220e-01	   1.2642558985720820e+00	   0.0000000000000000e+00	
  -6.7616136262690385e-01	   1.2547484862165688e+00	   0.0000000000000000e+00	
  -6.8553899736096324e-01	   1.2496496449283563e+00	   0.0000000000000000e+00	
  -6.9487818478582897e-01	   1.2444807191278591e+00	   0.0000000000000000e+00	
  -7.0167480406385163e-01	   1.2348360660247746e+00	   0.0000000000000000e+00	
  -7.1090260267140015e-01	   1.2295467173428651e+00	   0.0000000000000000e+00	
  -7.2009053149433144e-01	   1.2241884115877741e+00	   0.0000000000000000e+00	
  -7.2923807524300976e-01	   1.2187614492711265e+00	   0.0000000000000000e+00	
  -7.3834472089272851e-01	   1.2132661347550360e+00	   0.0000000000000000e+00	
  -7.4474317622682940e-01	   1.2033936559582685e+00	   0.0000000000000000e+00	
  -7.5373430032895905e-01	   1.1977826573484225e+00	   0.0000000000000000e+00	
  -7.6268315250227625e-01	   1.1921044830996246e+00	   0.0000000000000000e+00	
  -7.7158923086535947e-01	   1.1863594516627904e+00	   0.0000000000000000e+00	
  -7.8045203593568502e-01	   1.1805478852384084e+00	   0.0000000000000000e+00	
  -7.8644484338147247e-01	   1.1704638429534151e+00	   0.0000000000000000e+00	
  -7.9518819239829897e-01	   1.1645414711434332e+00	   0.0000000000000000e+00	
  -8.0388694461404187e-01	   1.1585537879708849e+00	   0.0000000000000000e+00	
  -8.1254061217371820e-01	   1.1525011292449761e+00	   0.0000000000000000e+00	
  -8.2114870975084175e-01	   1.1463838344189581e+00	   0.0000000000000000e+00	
  -8.2971075457464416e-01	   1.1402022465710897e+00	   0.0000000000000000e+00	
  -8.3521395356858530e-01	   1.1298816403475958e+00	   0.0000000000000000e+00	
  -8.4365202188878241e-01	   1.1235951830589210e+00	   0.0000000000000000e+00	
  -8.5204277539499818e-01	   1.1172457108118292e+00	   0.0000000000000000e+00	
  -8.6038574350584085e-01	   1.1108335797058631e+00	   0.0000000000000000e+00	
  -8.6868045831988605e-01	   1.1043591493546805e+00	   0.0000000000000000e+00	
  -8.7692645464191177e-01	   1.0978227828658902e+00	   0.0000000000000000e+00	
  -8.8512327000899382e-01	   1.0912248468206847e+00	   0.0000000000000000e+00	
  -8.9327044471643768e-01	   1.0845657112532823e+00	   0.0000000000000000e+00	
  -8.9811661710019819e-01	   1.0739583521200884e+00	   0.0000000000000000e+00	
  -9.0613412164595797e-01	   1.0672023957942132e+00	   0.0000000000000000e+00	
  -9.1410080717357278e-01	   1.0603865872051677e+00	   0.0000000000000000e+00	
  -9.2201622688479601e-01	   1.0535113086061887e+00	   0.0000000000000000e+00	
  -9.2987993685654013e-01	   1.0465769455857876e+00	   0.0000000000000000e+00	
  -9.3769149606576985e-01	   1.0395838870461287e+00	   0.0000000000000000e+00	
  -9.4545046641424024e-01	   1.0325325251812145e+00	   0.0000000000000000e+00	
  -9.5315641275306318e-01	   1.0254232554548937e+00	   0.0000000000000000e+00	
  -9.6080890290711496e-01	   1.0182564765786790e+00	   0.0000000000000000e+00	
  -9.6840750769927109e-01	   1.0110325904893898e+00	   0.0000000000000000e+00	
  -9.7595180097447853e-01	   1.0037520023266062e+00	   0.0000000000000000e+00	
  -9.8344135962365553e-01	   9.9641512040995028e-01	   0.0000000000000000e+00	
  -9.9087576360741880e-01	   9.8902235621618506e-01	   0.0000000000000000e+00	
  -9.9825459597964294e-01	   9.8157412435613822e-01	   0.0000000000000000e+00	
  -1.0055774429108446e+00	   9.7407084255144749e-01	   0.0000000000000000e+00	
  -1.0128438937113891e+00	   9.6651293161113594e-01	   0.0000000000000000e+00	
  -1.0200535408545239e+00	   9.5890081540801064e-01	   0.0000000000000000e+00	
  -1.0272059799992370e+00	   9.5123492085488892e-01	   0.0000000000000000e+00	
  -1.0343008100129298e+00	   9.4351567788065771e-01	   0.0000000000000000e+00	
  -1.0413376329939152e+00	   9.3574351940616152e-01	   0.0000000000000000e+00	
  -1.0483160542937344e+00	   9.2791888131992206e-01	   0.0000000000000000e+00	
  -1.0552356825392897e+00	   9.2004220245369117e-01	   0.0000000000000000e+00	
  -1.0620961296547924e+00	   9.1211392455784268e-01	   0.0000000000000000e+00	
  -1.0688970108835292e+00	   9.0413449227659493e-01	   0.0000000000000000e+00	
  -1.0756379448094404e+00	   8.9610435312307390e-01	   0.0000000000000000e+00	
  -1.0862362122348512e+00	   8.9123832988708684e-01	   0.0000000000000000e+00	
  -1.0928800828004708e+00	   8.8307870206923056e-01	   0.0000000000000000e+00	
  -1.0994626610127500e+00	   8.7486954825791208e-01	   0.0000000000000000e+00	
  -1.1059835776987881e+00	   8.6661132884980774e-01	   0.0000000000000000e+00	
  -1.1124424671438689e+00	   8.5830450699335303e-01	   0.0000000000000000e+00	
  -1.1188389671119701e+00	   8.4994954856277249e-01	   0.0000000000000000e+00	
  -1.1251727188660789e+00	   8.4154692213194882e-01	   0.0000000000000000e+00	
  -1.1314433671883115e+00	   8.3309709894814588e-01	   0.0000000000000000e+00	
  -1.1417536521060125e+00	   8.2757458711899079e-01	   0.0000000000000000e+00	
  -1.1479191990595263e+00	   8.1900098398788335e-01	   0.0000000000000000e+00	
  -1.1540203668828293e+00	   8.1038144855506522e-01	   0.0000000000000000e+00	
  -1.1600568134021183e+00	   8.0171646423277876e-01	   0.0000000000000000e+00	
  -1.1660282000733773e+00	   7.9300651698219060e-01	   0.0000000000000000e+00	
  -1.1719341920013620e+00	   7.8425209528614004e-01	   0.0000000000000000e+00	
  -1.1820069967387803e+00	   7.7824041876376659e-01	   0.0000000000000000e+00	
  -1.1878019598269485e+00	   7.6936674867600963e-01	   0.0000000000000000e+00	
  -1.1935303070269092e+00	   7.6044992993969429e-01	   0.0000000000000000e+00	
  -1.1991917170738806e+00	   7.5149046263970098e-01	   0.0000000000000000e+00	
  -1.2047858724571399e+00	   7.4248884925278325e-01	   0.0000000000000000e+00	
  -1.2146463546136639e+00	   7.3607192164714685e-01	   0.0000000000000000e+00	
  -1.2201246098237759e+00	   7.2695500350156805e-01	   0.0000000000000000e+00	
  -1.2255344363838627e+00	   7.1779731529929403e-01	   0.0000000000000000e+00	
  -1.2308755308928416e+00	   7.0859937063396483e-01	   0.0000000000000000e+00	
  -1.2361475938043511e+00	   6.9936168535693943e-01	   0.0000000000000000e+00	
  -1.2457795052146405e+00	   6.9254702104579691e-01	   0.0000000000000000e+00	
  -1.2509309369110451e+00	   6.8319817260520876e-01	   0.0000000000000000e+00	
  -1.2560122122360453e+00	   6.7381100813667139e-01	   0.0000000000000000e+00	
  -1.2655064180311641e+00	   6.6674817565174815e-01	   0.0000000000000000e+00	
  -1.2704640934398863e+00	   6.5725231919938421e-01	   0.0000000000000000e+00	
  -1.2753505169927584e+00	   6.4771960184890598e-01	   0.0000000000000000e+00	
  -1.2801654146428796e+00	   6.3815055822683886e-01	   0.0000000000000000e+00	
  -1.2894606249389171e+00	   6.3077250484465686e-01	   0.0000000000000000e+00	
  -1.2941482130258883e+00	   6.2109826827786696e-01	   0.0000000000000000e+00	
  -1.2987632209727360e+00	   6.1138919845249928e-01	   0.0000000000000000e+00	
  -1.3079063739152212e+00	   6.0376979554526400e-01	   0.0000000000000000e+00	
  -1.3123912261109196e+00	   5.9395817914050975e-01	   0.0000000000000000e+00	
  -1.3168024750375877e+00	   5.8411325158372807e-01	   0.0000000000000000e+00	
  -1.3257874103754363e+00	   5.7625562445662715e-01	   0.0000000000000000e+00	
  -1.3300657122660426e+00	   5.6631087159097315e-01	   0.0000000000000000e+00	
  -1.3342694196435956e+00	   5.5633435812633913e-01	   0.0000000000000000e+00	
  -1.3430900411884361e+00	   5.4824178722304884e-01	   0.0000000000000000e+00	
  -1.3471580670796595e+00	   5.3816824348829195e-01	   0.0000000000000000e+00	
  -1.3558704416078093e+00	   5.2990917695639117e-01	   0.0000000000000000e+00	
  -1.3598008193527722e+00	   5.1974043707978479e-01	   0.0000000000000000e+00	
  -1.3636549349408844e+00	   5.0954254842920443e-01	   0.0000000000000000e+00	
  -1.3721927227388033e+00	   5.0105424521144248e-01	   0.0000000000000000e+00	
  -1.3759065531630084e+00	   4.9076407972143649e-01	   0.0000000000000000e+00	
  -1.3843288676289203e+00	   4.8211306396576270e-01	   0.0000000000000000e+00	
  -1.3879005104895572e+00	   4.7173254411801063e-01	   0.0000000000000000e+00	
  -1.3962043901087218e+00	   4.6292037861380214e-01	   0.0000000000000000e+00	
  -1.3996319692431187e+00	   4.5245146321726376e-01	   0.0000000000000000e+00	
  -1.4078144735297455e+00	   4.4347976300466346e-01	   0.0000000000000000e+00	
  -1.4110961396742376e+00	   4.3292444683913567e-01	   0.0000000000000000e+00	
  -1.4191543500728825e+00	   4.2379487892790596e-01	   0.0000000000000000e+00	
  -1.4222882815200137e+00	   4.1315519237587978e-01	   0.0000000000000000e+00	
  -1.4302193023032415e+00	   4.0386947544897905e-01	   0.0000000000000000e+00	
  -1.4332037055539473e+00	   3.9314748411587053e-01	   0.0000000000000000e+00	
  -1.4410046647160093e+00	   3.8370738821778028e-01	   0.0000000000000000e+00	
  -1.4438377751265741e+00	   3.7290519254061449e-01	   0.0000000000000000e+00	
  -1.4515058252728414e+00	   3.6331253875048747e-01	   0.0000000000000000e+00	
  -1.4541859076964401e+00	   3.5243227359508017e-01	   0.0000000000000000e+00	
  -1.4617182269283404e+00	   3.4268893368475944e-01	   0.0000000000000000e+00	
  -1.4642435763509534e+00	   3.3173276793150519e-01	   0.0000000000000000e+00	
  -1.4716373691461597e+00	   3.2184066400847083e-01	   0.0000000000000000e+00	
  -1.4789648434247147e+00	   3.1185636236089892e-01	   0.0000000000000000e+00	
  -1.4812588094042869e+00	   3.0077190426211264e-01	   0.0000000000000000e+00	
  -1.4884433370244918e+00	   2.9064175772793077e-01	   0.0000000000000000e+00	
  -1.4955589337846977e+00	   2.8042081763519422e-01	   0.0000000000000000e+00	
  -1.4976170190551357e+00	   2.6921297075516598e-01	   0.0000000000000000e+00	
  -1.5045853107338059e+00	   2.5884922853120684e-01	   0.0000000000000000e+00	
  -1.5064815969720864e+00	   2.4757438957124808e-01	   0.0000000000000000e+00	
  -1.5132999007750429e+00	   2.3706997318138620e-01	   0.0000000000000000e+00	
  -1.5200450807673627e+00	   2.2647727539392945e-01	   0.0000000000000000e+00	
  -1.5267161967723071e+00	   2.1579680441345622e-01	   0.0000000000000000e+00	
  -1.5282894502304185e+00	   2.0435743831914341e-01	   0.0000000000000000e+00	
  -1.5348047429788998e+00	   1.9354061625554547e-01	   0.0000000000000000e+00	
  -1.5412434546776490e+00	   1.8263763586856163e-01	   0.0000000000000000e+00	
  -1.5476046600178943e+00	   1.7164903963204350e-01	   0.0000000000000000e+00	
  -1.5488467127177588e+00	   1.6005448140898010e-01	   0.0000000000000000e+00	
  -1.5550463853191643e+00	   1.4893408071009992e-01	   0.0000000000000000e+00	
  -1.5611660819557984e+00	   1.3772977274178327e-01	   0.0000000000000000e+00	
  -1.5672048933967628e+00	   1.2644213380683839e-01	   0.0000000000000000e+00	
  -1.5681078497375309e+00	   1.1470206048682080e-01	   0.0000000000000000e+00	
  -1.5739795530157252e+00	   1.0328738354015321e-01	   0.0000000000000000e+00	
  -1.5797679523048826e+00	   9.1791176506581584e-02	   0.0000000000000000e+00	
  -1.5854721556486824e+00	   8.0214049035813292e-02	   0.0000000000000000e+00	
  -1.5910912755658744e+00	   6.8556619565418614e-02	   0.0000000000000000e+00	
  -1.5966244291318832e+00	   5.6819515287874330e-02	   0.0000000000000000e+00	
  -1.6020707380601698e+00	   4.5003372116878618e-02	   0.0000000000000000e+00	
  -1.6074293287833408e+00	   3.3108834652940761e-02	   0.0000000000000000e+00	
  -1.6126993325340042e+00	   2.1136556148249743e-02	   0.0000000000000000e+00	
  -1.6178798854253615e+00	   9.0871984708039994e-03	   0.0000000000000000e+00	
  -1.6229701285315303e+00	  -3.0385679321656804e-03	   0.0000000000000000e+00	
  -1.6279692079675929e+00	  -1.5240064071497838e-02	   0.0000000000000000e+00	
  -1.6328762749693637e+00	  -2.7516602454122206e-02	   0.0000000000000000e+00	
  -1.6376904859728683e+00	  -3.9867487121798134e-02	   0.0000000000000000e+00	
  -1.6424110026935277e+00	  -5.2292013690559122e-02	   0.0000000000000000e+00	
  -1.6470369922050447e+00	  -6.4789469390875917e-02	   0.0000000000000000e+00	
  -1.6515676270179835e+00	  -7.7359133108528641e-02	   0.0000000000000000e+00	
  -1.6560020851580337e+00	  -9.0000275426177986e-02	   0.0000000000000000e+00	
  -1.6603395502439606e+00	  -1.0271215866564826e-01	   0.0000000000000000e+00	
  -1.6645792115652263e+00	  -1.1549403693091109e-01	   0.0000000000000000e+00	
  -1.6687202641592827e+00	  -1.2834515615176548e-01	   0.0000000000000000e+00	
  -1.6727619088885259e+00	  -1.4126475412821399e-01	   0.0000000000000000e+00	
  -1.6767033525169073e+00	  -1.5425206057553700e-01	   0.0000000000000000e+00	
  -1.6805438077861967e+00	  -1.6730629717005893e-01	   0.0000000000000000e+00	
  -1.6842824934918885e+00	  -1.8042667759559536e-01	   0.0000000000000000e+00	
  -1.6879186345587482e+00	  -1.9361240759059439e-01	   0.0000000000000000e+00	
  -1.6914514621159893e+00	  -2.0686268499596053e-01	   0.0000000000000000e+00	
  -1.6948802135720793e+00	  -2.2017669980355176e-01	   0.0000000000000000e+00	
  -1.6982041326891648e+00	  -2.3355363420536115e-01	   0.0000000000000000e+00	
  -1.7014224696571099e+00	  -2.4699266264337216e-01	   0.0000000000000000e+00	
  -1.7045344811671477e+00	  -2.6049295186008325e-01	   0.0000000000000000e+00	
  -1.7075394304851312e+00	  -2.7405366094969502e-01	   0.0000000000000000e+00	
  -1.7104365875243805e+00	  -2.8767394140997909e-01	   0.0000000000000000e+00	
  -1.7132252289181240e+00	  -3.0135293719479267e-01	   0.0000000000000000e+00	
  -1.7159046380915230e+00	  -3.1508978476725741e-01	   0.0000000000000000e+00	
  -1.7184741053332775e+00	  -3.2888361315359588e-01	   0.0000000000000000e+00	
  -1.7209329278668013e+00	  -3.4273354399762102e-01	   0.0000000000000000e+00	
  -1.7232804099209722e+00	  -3.5663869161586753e-01	   0.0000000000000000e+00	
  -1.7255158628004383e+00	  -3.7059816305337573e-01	   0.0000000000000000e+00	
  -1.7276386049554828e+00	  -3.8461105814011615e-01	   0.0000000000000000e+00	
  -1.7296479620514407e+00	  -3.9867646954805119e-01	   0.0000000000000000e+00	
  -1.7315432670376600e+00	  -4.1279348284882506e-01	   0.0000000000000000e+00	
  -1.7333238602160022e+00	  -4.2696117657210253e-01	   0.0000000000000000e+00	
  -1.7349890893088760e+00	  -4.4117862226451804e-01	   0.0000000000000000e+00	
  -1.7365383095268025e+00	  -4.5544488454925425e-01	   0.0000000000000000e+00	
  -1.7379708836355008e+00	  -4.6975902118624285e-01	   0.0000000000000000e+00	
  -1.7392861820224896e+00	  -4.8412008313298355e-01	   0.0000000000000000e+00	
  -1.7404835827632057e+00	  -4.9852711460596610e-01	   0.0000000000000000e+00	
  -1.7415624716866247e+00	  -5.1297915314271025e-01	   0.0000000000000000e+00	
  -1.7425222424403837e+00	  -5.2747522966440896e-01	   0.0000000000000000e+00	
  -1.7433622965554016e+00	  -5.4201436853916563e-01	   0.0000000000000000e+00	
  -1.7440820435099884e+00	  -5.5659558764583428e-01	   0.0000000000000000e+00	
  -1.7446809007934385e+00	  -5.7121789843845217e-01	   0.0000000000000000e+00	
  -1.7451582939691066e+00	  -5.8588030601125773e-01	   0.0000000000000000e+00	
  -1.7455136567369560e+00	  -6.0058180916429105e-01	   0.0000000000000000e+00	
  -1.7457464309955779e+00	  -6.1532140046957884e-01	   0.0000000000000000e+00	
  -1.7458560669036720e+00	  -6.3009806633789622e-01	   0.0000000000000000e+00	
  -1.7458420229409903e+00	  -6.4491078708609095e-01	   0.0000000000000000e+00	
  -1.7457037659687329e+00	  -6.5975853700498233e-01	   0.0000000000000000e+00	
  -1.7454407712893896e+00	  -6.7464028442782420e-01	   0.0000000000000000e+00	
  -1.7450525227060321e+00	  -6.8955499179931634e-01	   0.0000000000000000e+00	
  -1.7445385125810393e+00	  -7.0450161574517878e-01	   0.0000000000000000e+00	
  -1.7438982418942588e+00	  -7.1947910714227215e-01	   0.0000000000000000e+00	
  -1.7431312203005960e+00	  -7.3448641118926217e-01	   0.0000000000000000e+00	
  -1.7422369661870303e+00	  -7.4952246747782092e-01	   0.0000000000000000e+00	
  -1.7412150067290486e+00	  -7.6458621006436778e-01	   0.0000000000000000e+00	
  -1.7400648779464907e+00	  -7.7967656754234305e-01	   0.0000000000000000e+00	
  -1.7387861247588083e+00	  -7.9479246311499741e-01	   0.0000000000000000e+00	
  -1.7373783010397292e+00	  -8.0993281466871081e-01	   0.0000000000000000e+00	
  -1.7358409696713160e+00	  -8.2509653484682777e-01	   0.0000000000000000e+00	
  -1.7341737025974280e+00	  -8.4028253112399598e-01	   0.0000000000000000e+00	
  -1.7323760808765685e+00	  -8.5548970588101880e-01	   0.0000000000000000e+00	
  -1.7304476947341194e+00	  -8.7071695648020742e-01	   0.0000000000000000e+00	
  -1.7283881436139590e+00	  -8.8596317534122826e-01	   0.0000000000000000e+00	
  -1.7261970362294596e+00	  -9.0122725001743476e-01	   0.0000000000000000e+00	
  -1.7238739906138496e+00	  -9.1650806327270429e-01	   0.0000000000000000e+00	
  -1.7214186341699511e+00	  -9.3180449315873615e-01	   0.0000000000000000e+00	
  -1.7188306037192820e+00	  -9.4711541309283320e-01	   0.0000000000000000e+00	
  -1.7161095455505135e+00	  -9.6243969193615664e-01	   0.0000000000000000e+00	
  -1.7132551154672833e+00	  -9.7777619407244620e-01	   0.0000000000000000e+00	
  -1.7102669788353650e+00	  -9.9312377948719321e-01	   0.0000000000000000e+00	
  -1.7071448106291796e+00	  -1.0084813038472764e+00	   0.0000000000000000e+00	
  -1.7038882954776495e+00	  -1.0238476185810459e+00	   0.0000000000000000e+00	
  -1.7004971277093952e+00	  -1.0392215709588497e+00	   0.0000000000000000e+00	
  -1.6969710113972654e+00	  -1.0546020041739932e+00	   0.0000000000000000e+00	
  -1.6933096604021916e+00	  -1.0699877574241474e+00	   0.0000000000000000e+00	
  -1.6895127984163787e+00	  -1.0853776659931709e+00	   0.0000000000000000e+00	
  -1.6855801590058126e+00	  -1.1007705613333565e+00	   0.0000000000000000e+00	
  -1.6815114856520881e+00	  -1.1161652711481005e+00	   0.0000000000000000e+00	
  -1.6773065317935481e+00	  -1.1315606194749801e+00	   0.0000000000000000e+00	
  -1.6729650608657409e+00	  -1.1469554267692306e+00	   0.0000000000000000e+00	
  -1.6684868463411799e+00	  -1.1623485099876314e+00	   0.0000000000000000e+00	
  -1.6638716717684050e+00	  -1.1777386826727829e+00	   0.0000000000000000e+00	
  -1.6591193308103511e+00	  -1.1931247550377675e+00	   0.0000000000000000e+00	
  -1.6542296272820056e+00	  -1.2085055340511976e+00	   0.0000000000000000e+00	
  -1.6492023751873619e+00	  -1.2238798235226429e+00	   0.0000000000000000e+00	
  -1.6440373987556613e+00	  -1.2392464241884227e+00	   0.0000000000000000e+00	
  -1.6387345324769242e+00	  -1.2546041337977629e+00	   0.0000000000000000e+00	
  -1.6332936211367572e+00	  -1.2699517471993205e+00	   0.0000000000000000e+00	
  -1.6277145198504412e+00	  -1.2852880564280553e+00	   0.0000000000000000e+00	
  -1.6219970940963009e+00	  -1.3006118507924462e+00	   0.0000000000000000e+00	
  -1.6161412197483380e+00	  -1.3159219169620555e+00	   0.0000000000000000e+00	
  -1.6101467831081369e+00	  -1.3312170390554272e+00	   0.0000000000000000e+00	
  -1.6040136809360410e+00	  -1.3464959987283067e+00	   0.0000000000000000e+00	
  -1.5977418204815810e+00	  -1.3617575752621991e+00	   0.0000000000000000e+00	
  -1.5913311195131739e+00	  -1.3770005456532266e+00	   0.0000000000000000e+00	
  -1.5847815063470729e+00	  -1.3922236847013110e+00	   0.0000000000000000e+00	
  -1.5780929198755698e+00	  -1.4074257650996567e+00	   0.0000000000000000e+00	
  -1.5712653095944527e+00	  -1.4226055575245280e+00	   0.0000000000000000e+00	
  -1.5642986356297048e+00	  -1.4377618307253250e+00	   0.0000000000000000e+00	
  -1.5571928687634573e+00	  -1.4528933516149429e+00	   0.0000000000000000e+00	
  -1.5499479904591758e+00	  -1.4679988853604105e+00	   0.0000000000000000e+00	
  -1.5425639928860895e+00	  -1.4830771954738062e+00	   0.0000000000000000e+00	
  -1.5350408789428591e+00	  -1.4981270439034353e+00	   0.0000000000000000e+00	
  -1.5273786622804753e+00	  -1.5131471911252736e+00	   0.0000000000000000e+00	
  -1.5195773673243897e+00	  -1.5281363962346648e+00	   0.0000000000000000e+00	
  -1.5116370292958790e+00	  -1.5430934170382613e+00	   0.0000000000000000e+00	
  -1.5035576942326268e+00	  -1.5580170101462163e+00	   0.0000000000000000e+00	
  -1.4953394190085378e+00	  -1.5729059310646010e+00	   0.0000000000000000e+00	
  -1.4869822713527734e+00	  -1.5877589342880565e+00	   0.0000000000000000e+00	
  -1.4784863298679969e+00	  -1.6025747733926707e+00	   0.0000000000000000e+00	
  -1.4698516840478499e+00	  -1.6173522011290631e+00	   0.0000000000000000e+00	
  -1.4610784342936316e+00	  -1.6320899695156863e+00	   0.0000000000000000e+00	
  -1.4521666919302005e+00	  -1.6467868299323276e+00	   0.0000000000000000e+00	
  -1.4431165792210794e+00	  -1.6614415332138059e+00	   0.0000000000000000e+00	
  -1.4339282293827711e+00	  -1.6760528297438635e+00	   0.0000000000000000e+00	
  -1.4246017865982865e+00	  -1.6906194695492316e+00	   0.0000000000000000e+00	
  -1.4151374060298654e+00	  -1.7051402023938842e+00	   0.0000000000000000e+00	
  -1.4055352538309134e+00	  -1.7196137778734510e+00	   0.0000000000000000e+00	
  -1.3957955071571326e+00	  -1.7340389455098004e+00	   0.0000000000000000e+00	
  -1.3859183541768481e+00	  -1.7484144548457787e+00	   0.0000000000000000e+00	
  -1.3759039940805440e+00	  -1.7627390555400946e+00	   0.0000000000000000e+00	
  -1.3657526370895796e+00	  -1.7770114974623523e+00	   0.0000000000000000e+00	
  -1.3554645044641163e+00	  -1.7912305307882177e+00	   0.0000000000000000e+00	
  -1.3450398285102243e+00	  -1.8053949060947141e+00	   0.0000000000000000e+00	
  -1.3344788525861839e+00	  -1.8195033744556466e+00	   0.0000000000000000e+00	
  -1.3237818311079834e+00	  -1.8335546875371314e+00	   0.0000000000000000e+00	
  -1.3129490295539945e+00	  -1.8475475976932478e+00	   0.0000000000000000e+00	
  -1.3019807244688433e+00	  -1.8614808580617828e+00	   0.0000000000000000e+00	
  -1.2908772034664651e+00	  -1.8753532226600742e+00	   0.0000000000000000e+00	
  -1.2796387652323369e+00	  -1.8891634464809477e+00	   0.0000000000000000e+00	
  -1.2682657195249081e+00	  -1.9029102855887263e+00	   0.0000000000000000e+00	
  -1.2567583871761954e+00	  -1.9165924972153268e+00	   0.0000000000000000e+00	
  -1.2451171000915753e+00	  -1.9302088398564123e+00	   0.0000000000000000e+00	
  -1.2333422012487478e+00	  -1.9437580733676154e+00	   0.0000000000000000e+00	
  -1.2214340446958780e+00	  -1.9572389590608157e+00	   0.0000000000000000e+00	
  -1.2093929955489258e+00	  -1.9706502598004549e+00	   0.0000000000000000e+00	
  -1.1972194299881411e+00	  -1.9839907400999095e+00	   0.0000000000000000e+00	
  -1.1849137352537480e+00	  -1.9972591662178805e+00	   0.0000000000000000e+00	
  -1.1724763096407960e+00	  -2.0104543062548204e+00	   0.0000000000000000e+00	
  -1.1599075624931876e+00	  -2.0235749302493806e+00	   0.0000000000000000e+00	
  -1.1472079141968914e+00	  -2.0366198102748627e+00	   0.0000000000000000e+00	
  -1.1343777961723143e+00	  -2.0495877205356869e+00	   0.0000000000000000e+00	
  -1.1214176508658567e+00	  -2.0624774374638544e+00	   0.0000000000000000e+00	
  -1.1083279317406445e+00	  -2.0752877398153986e+00	   0.0000000000000000e+00	
  -1.0951091032664226e+00	  -2.0880174087668317e+00	   0.0000000000000000e+00	
  -1.0817616409086344e+00	  -2.1006652280115565e+00	   0.0000000000000000e+00	
  -1.0682860311166669e+00	  -2.1132299838562618e+00	   0.0000000000000000e+00	
  -1.0546827713112648e+00	  -2.1257104653172738e+00	   0.0000000000000000e+00	
  -1.0409523698711300e+00	  -2.1381054642168671e+00	   0.0000000000000000e+00	
  -1.0270953461186769e+00	  -2.1504137752795303e+00	   0.0000000000000000e+00	
  -1.0131122303049751e+00	  -2.1626341962281668e+00	   0.0000000000000000e+00	
  -9.9900356359385689e-01	  -2.1747655278802385e+00	   0.0000000000000000e+00	
  -9.8476989804519266e-01	  -2.1868065742438381e+00	   0.0000000000000000e+00	
  -9.7041179659735344e-01	  -2.1987561426136781e+00	   0.0000000000000000e+00	
  -9.5592983304882850e-01	  -2.2106130436670051e+00	   0.0000000000000000e+00	
  -9.4132459203903496e-01	  -2.2223760915594122e+00	   0.0000000000000000e+00	
  -9.2659666902828519e-01	  -2.2340441040205579e+00	   0.0000000000000000e+00	
  -9.1174667027693279e-01	  -2.2456159024497815e+00	   0.0000000000000000e+00	
  -8.9677521282370309e-01	  -2.2570903120115986e+00	   0.0000000000000000e+00	
  -8.8168292446317964e-01	  -2.2684661617310860e+00	   0.0000000000000000e+00	
  -8.6647044372248661e-01	  -2.2797422845891306e+00	   0.0000000000000000e+00	
  -8.5113841983713256e-01	  -2.2909175176175518e+00	   0.0000000000000000e+00	
  -8.3568751272603381e-01	  -2.3019907019940806e+00	   0.0000000000000000e+00	
  -8.2011839296572631e-01	  -2.3129606831371889e+00	   0.0000000000000000e+00	
  -8.0443174176373777e-01	  -2.3238263108007691e+00	   0.0000000000000000e+00	
  -7.8862825093115729e-01	  -2.3345864391686457e+00	   0.0000000000000000e+00	
  -7.7270862285437381e-01	  -2.3452399269489237e+00	   0.0000000000000000e+00	
  -7.5667357046599570e-01	  -2.3557856374681601e+00	   0.0000000000000000e+00	
  -7.4052381721496363e-01	  -2.3662224387653481e+00	   0.0000000000000000e+00	
  -7.2426009703583127e-01	  -2.3765492036857214e+00	   0.0000000000000000e+00	
  -7.0788315431724524e-01	  -2.3867648099743493e+00	   0.0000000000000000e+00	
  -6.9139374386960317e-01	  -2.3968681403695409e+00	   0.0000000000000000e+00	
  -6.7479263089189434e-01	  -2.4068580826960297e+00	   0.0000000000000000e+00	
  -6.5808059093774474e-01	  -2.4167335299579458e+00	   0.0000000000000000e+00	
  -6.4125840988063099e-01	  -2.4264933804315607e+00	   0.0000000000000000e+00	
  -6.2432688387830637e-01	  -2.4361365377578035e+00	   0.0000000000000000e+00	
  -6.0728681933640516e-01	  -2.4456619110345379e+00	   0.0000000000000000e+00	
  -5.9013903287124259e-01	  -2.4550684149085935e+00	   0.0000000000000000e+00	
  -5.7288435127182613e-01	  -2.4643549696675451e+00	   0.0000000000000000e+00	
  -5.5552361146103890e-01	  -2.4735205013312349e+00	   0.0000000000000000e+00	
  -5.3805766045604542e-01	  -2.4825639417430283e+00	   0.0000000000000000e+00	
  -5.2048735532788770e-01	  -2.4914842286607946e+00	   0.0000000000000000e+00	
  -5.0281356316028436e-01	  -2.5002803058476140e+00	   0.0000000000000000e+00	
  -4.8503716100764477e-01	  -2.5089511231621890e+00	   0.0000000000000000e+00	
  -4.6715903585227775e-01	  -2.5174956366489747e+00	   0.0000000000000000e+00	
  -4.4918008456081027e-01	  -2.5259128086280001e+00	   0.0000000000000000e+00	
  -4.3110121383982802e-01	  -2.5342016077843876e+00	   0.0000000000000000e+00	
  -4.1292334019072147e-01	  -2.5423610092575535e+00	   0.0000000000000000e+00	
  -3.9464738986374648e-01	  -2.5503899947300974e+00	   0.0000000000000000e+00	
  -3.7627429881131497e-01	  -2.5582875525163540e+00	   0.0000000000000000e+00	
  -3.5780501264047976e-01	  -2.5660526776506210e+00	   0.0000000000000000e+00	
  -3.3924048656467798e-01	  -2.5736843719750393e+00	   0.0000000000000000e+00	
  -3.2058168535466247e-01	  -2.5811816442271311e+00	   0.0000000000000000e+00	
  -3.0182958328868914e-01	  -2.5885435101269811e+00	   0.0000000000000000e+00	
  -2.8298516410192043e-01	  -2.5957689924640586e+00	   0.0000000000000000e+00	
  -2.6404942093506284e-01	  -2.6028571211836722e+00	   0.0000000000000000e+00	
  -2.4502335628225153e-01	  -2.6098069334730511e+00	   0.0000000000000000e+00	
  -2.2590798193814549e-01	  -2.6166174738470471e+00	   0.0000000000000000e+00	
  -2.0670431894430200e-01	  -2.6232877942334469e+00	   0.0000000000000000e+00	
  -1.8741339753475603e-01	  -2.6298169540578935e+00	   0.0000000000000000e+00	
  -1.6803625708087461e-01	  -2.6362040203284072e+00	   0.0000000000000000e+00	
  -1.4857394603544802e-01	  -2.6424480677194997e+00	   0.0000000000000000e+00	
  -1.2902752187603356e-01	  -2.6485481786558740e+00	   0.0000000000000000e+00	
  -1.0939805104756496e-01	  -2.6545034433957087e+00	   0.0000000000000000e+00	
  -8.9686608904208043e-02	  -2.6603129601135103e+00	   0.0000000000000000e+00	
  -6.9894279650477689e-02	  -2.6659758349825404e+00	   0.0000000000000000e+00	
  -5.0022156281633465e-02	  -2.6714911822567973e+00	   0.0000000000000000e+00	
  -3.0071340523332858e-02	  -2.6768581243525573e+00	   0.0000000000000000e+00	
  -1.0042942770556434e-02	  -2.6820757919294613e+00	   0.0000000000000000e+00	
   1.0061917974178847e-02	  -2.6871433239711471e+00	   0.0000000000000000e+00	
   3.0185189616682172e-02	  -2.6869926200277940e+00	   0.0000000000000000e+00	
   5.0401639070468719e-02	  -2.6917579000384904e+00	   0.0000000000000000e+00	
   7.0691148812948315e-02	  -2.6963707963644037e+00	   0.0000000000000000e+00	
   9.1052568171691856e-02	  -2.7008304820342648e+00	   0.0000000000000000e+00	
   1.1148473818606125e-01	  -2.7051361387809267e+00	   0.0000000000000000e+00	
   1.3198649167316517e-01	  -2.7092869571191254e+00	   0.0000000000000000e+00	
   1.5255665329450396e-01	  -2.7132821364227286e+00	   0.0000000000000000e+00	
   1.7319403962332375e-01	  -2.7171208850014881e+00	   0.0000000000000000e+00	
   1.9389745921266277e-01	  -2.7208024201772725e+00	   0.0000000000000000e+00	
   2.1426764297808376e-01	  -2.7192740596534666e+00	   0.0000000000000000e+00	
   2.3506170129890133e-01	  -2.7226419791547163e+00	   0.0000000000000000e+00	
   2.5591819555501566e-01	  -2.7258506751985578e+00	   0.0000000000000000e+00	
   2.7683590503251232e-01	  -2.7288994017161978e+00	   0.0000000000000000e+00	
   2.9781360134623125e-01	  -2.7317874220083649e+00	   0.0000000000000000e+00	
   3.1826313591783739e-01	  -2.7294805433462361e+00	   0.0000000000000000e+00	
   3.3931941212561950e-01	  -2.7320495153665272e+00	   0.0000000000000000e+00	
   3.6043197973894209e-01	  -2.7344559100474002e+00	   0.0000000000000000e+00	
   3.8159958252529458e-01	  -2.7366990286223016e+00	   0.0000000000000000e+00	
   4.0208354977498628e-01	  -2.7337645534401962e+00	   0.0000000000000000e+00	
   4.2331989953443361e-01	  -2.7356847253329519e+00	   0.0000000000000000e+00	
   4.4460751569066537e-01	  -2.7374398642438691e+00	   0.0000000000000000e+00	
   4.6509526408347329e-01	  -2.7340335127220445e+00	   0.0000000000000000e+00	
   4.8644416847881267e-01	  -2.7354631206421747e+00	   0.0000000000000000e+00	
   5.0784051938077790e-01	  -2.7367260259072306e+00	   0.0000000000000000e+00	
   5.2832114880248349e-01	  -2.7328461533227490e+00	   0.0000000000000000e+00	
   5.4977124789044729e-01	  -2.7337811159711487e+00	   0.0000000000000000e+00	
   5.7126492450309319e-01	  -2.7345477949025900e+00	   0.0000000000000000e+00	
   5.9172746300186729e-01	  -2.7301930089470812e+00	   0.0000000000000000e+00	
   6.1326727043486762e-01	  -2.7306295086657717e+00	   0.0000000000000000e+00	
   6.3369928774680306e-01	  -2.7259602842470212e+00	   0.0000000000000000e+00	
   6.5528014902307219e-01	  -2.7260653967522637e+00	   0.0000000000000000e+00	
   6.7567680837549626e-01	  -2.7210816731030469e+00	   0.0000000000000000e+00	
   6.9729362070986545e-01	  -2.7208542685274555e+00	   0.0000000000000000e+00	
   7.1894485070612257e-01	  -2.7204554267888637e+00	   0.0000000000000000e+00	
   7.3929771269496558e-01	  -2.7149950864607137e+00	   0.0000000000000000e+00	
   7.6097712017326224e-01	  -2.7142619059353530e+00	   0.0000000000000000e+00	
   7.8128242129576908e-01	  -2.7084869668531222e+00	   0.0000000000000000e+00	
   8.0298484013269711e-01	  -2.7074185162946929e+00	   0.0000000000000000e+00	
   8.2323771432179949e-01	  -2.7013291805288207e+00	   0.0000000000000000e+00	
   8.4495795685490072e-01	  -2.6999246085598889e+00	   0.0000000000000000e+00	
   8.6515353346289703e-01	  -2.6935211534896735e+00	   0.0000000000000000e+00	
   8.8530058938056178e-01	  -2.6869666367861935e+00	   0.0000000000000000e+00	
   9.0701979669063326e-01	  -2.6850624675330090e+00	   0.0000000000000000e+00	
   9.2710233296551536e-01	  -2.6781946587865990e+00	   0.0000000000000000e+00	
   9.4882640067235191e-01	  -2.6759528608321772e+00	   0.0000000000000000e+00	
   9.6883954434399067e-01	  -2.6687722250735622e+00	   0.0000000000000000e+00	
   9.9056322319723922e-01	  -2.6661922284797019e+00	   0.0000000000000000e+00	
   1.0105021008033834e+00	  -2.6586993065460431e+00	   0.0000000000000000e+00	
   1.0303843060876610e+00	  -2.6510572759042215e+00	   0.0000000000000000e+00	
   1.0520798643698850e+00	  -2.6479760316463801e+00	   0.0000000000000000e+00	
   1.0718805989846170e+00	  -2.6400229329887730e+00	   0.0000000000000000e+00	
   1.0935626842603687e+00	  -2.6366026868095673e+00	   0.0000000000000000e+00	
   1.1132770826060758e+00	  -2.6283392493820648e+00	   0.0000000000000000e+00	
   1.1329290446667921e+00	  -2.6199284059394756e+00	   0.0000000000000000e+00	
   1.1545635994377281e+00	  -2.6160067460053655e+00	   0.0000000000000000e+00	
   1.1741220477608831e+00	  -2.6072870607691003e+00	   0.0000000000000000e+00	
   1.1936146474108407e+00	  -2.5984211501945707e+00	   0.0000000000000000e+00	
   1.2151900694236630e+00	  -2.5939984933963260e+00	   0.0000000000000000e+00	
   1.2345820016643407e+00	  -2.5848254041104530e+00	   0.0000000000000000e+00	
   1.2539046944363290e+00	  -2.5755073492107980e+00	   0.0000000000000000e+00	
   1.2754093763550529e+00	  -2.5705843810371465e+00	   0.0000000000000000e+00	
   1.2946242756891095e+00	  -2.5609609762983432e+00	   0.0000000000000000e+00	
   1.3137665681838633e+00	  -2.5511939443423164e+00	   0.0000000000000000e+00	
   1.3351889038105718e+00	  -2.5457716193146545e+00	   0.0000000000000000e+00	
   1.3542163083258392e+00	  -2.5357012317761671e+00	   0.0000000000000000e+00	
   1.3731677638822239e+00	  -2.5254886336710225e+00	   0.0000000000000000e+00	
   1.3920422076190120e+00	  -2.5151343977557188e+00	   0.0000000000000000e+00	
   1.4133256627568016e+00	  -2.5090543810930663e+00	   0.0000000000000000e+00	
   1.4320759071106506e+00	  -2.4983998704295654e+00	   0.0000000000000000e+00	
   1.4507458358801184e+00	  -2.4876052411839300e+00	   0.0000000000000000e+00	
   1.4693344019934449e+00	  -2.4766710987549048e+00	   0.0000000000000000e+00	
   1.4904587713469508e+00	  -2.4699368610166390e+00	   0.0000000000000000e+00	
   1.5089139083857785e+00	  -2.4587058107007729e+00	   0.0000000000000000e+00	
   1.5272844205093148e+00	  -2.4473368679777860e+00	   0.0000000000000000e+00	
   1.5455692774380774e+00	  -2.4358306704558363e+00	   0.0000000000000000e+00	
   1.5637674536964206e+00	  -2.4241878634407863e+00	   0.0000000000000000e+00	
   1.5846567281699833e+00	  -2.4166468486409070e+00	   0.0000000000000000e+00	
   1.6027101440118281e+00	  -2.4047118603820308e+00	   0.0000000000000000e+00	
   1.6206736745332262e+00	  -2.3926420078765216e+00	   0.0000000000000000e+00	
   1.6385463122795889e+00	  -2.3804379680418859e+00	   0.0000000000000000e+00	
   1.6563270548938869e+00	  -2.3681004253213094e+00	   0.0000000000000000e+00	
   1.6740149051728825e+00	  -2.3556300716452592e+00	   0.0000000000000000e+00	
   1.6945752182199441e+00	  -2.3471362589640998e+00	   0.0000000000000000e+00	
   1.7121049989236417e+00	  -2.3343800592469592e+00	   0.0000000000000000e+00	
   1.7295387590792486e+00	  -2.3214929397247306e+00	   0.0000000000000000e+00	
   1.7468755209434521e+00	  -2.3084756231499832e+00	   0.0000000000000000e+00	
   1.7641143122129359e+00	  -2.2953288395771616e+00	   0.0000000000000000e+00	
   1.7812541660788912e+00	  -2.2820533263216602e+00	   0.0000000000000000e+00	
   1.7982941212812555e+00	  -2.2686498279184550e+00	   0.0000000000000000e+00	
   1.8152332221626137e+00	  -2.2551190960803589e+00	   0.0000000000000000e+00	
   1.8352775507886450e+00	  -2.2453855596692591e+00	   0.0000000000000000e+00	
   1.8520413924928134e+00	  -2.2315785176626162e+00	   0.0000000000000000e+00	
   1.8687013655500759e+00	  -2.2176463213035755e+00	   0.0000000000000000e+00	
   1.8852565356136797e+00	  -2.2035897519560907e+00	   0.0000000000000000e+00	
   1.9017059742145754e+00	  -2.1894095979593660e+00	   0.0000000000000000e+00	
   1.9180487588134851e+00	  -2.1751066545836437e+00	   0.0000000000000000e+00	
   1.9342839728526411e+00	  -2.1606817239856042e+00	   0.0000000000000000e+00	
   1.9504107058071947e+00	  -2.1461356151633755e+00	   0.0000000000000000e+00	
   1.9664280532362699e+00	  -2.1314691439111693e+00	   0.0000000000000000e+00	
   1.9823351168337033e+00	  -2.1166831327735163e+00	   0.0000000000000000e+00	
   1.9981310044784089e+00	  -2.1017784109991484e+00	   0.0000000000000000e+00	
   2.0138148302844234e+00	  -2.0867558144944800e+00	   0.0000000000000000e+00	
   2.0293857146505818e+00	  -2.0716161857767350e+00	   0.0000000000000000e+00	
   2.0448427843098536e+00	  -2.0563603739266920e+00	   0.0000000000000000e+00	
   2.0601851723783158e+00	  -2.0409892345410667e+00	   0.0000000000000000e+00	
   2.0754120184037648e+00	  -2.0255036296845312e+00	   0.0000000000000000e+00	
   2.0905224684139880e+00	  -2.0099044278413554e+00	   0.0000000000000000e+00	
   2.1055156749646406e+00	  -1.9941925038667134e+00	   0.0000000000000000e+00	
   2.1203907971867890e+00	  -1.9783687389376063e+00	   0.0000000000000000e+00	
   2.1351470008340558e+00	  -1.9624340205034501e+00	   0.0000000000000000e+00	
   2.1497834583294200e+00	  -1.9463892422363003e+00	   0.0000000000000000e+00	
   2.1642993488116140e+00	  -1.9302353039807405e+00	   0.0000000000000000e+00	
   2.1786938581811794e+00	  -1.9139731117034031e+00	   0.0000000000000000e+00	
   2.1929661791461053e+00	  -1.8976035774421725e+00	   0.0000000000000000e+00	
   2.2071155112671215e+00	  -1.8811276192550237e+00	   0.0000000000000000e+00	
   2.2172597567254289e+00	  -1.8612879840462766e+00	   0.0000000000000000e+00	
   2.2311364463864201e+00	  -1.8446311137881568e+00	   0.0000000000000000e+00	
   2.2448880064878440e+00	  -1.8278707904762286e+00	   0.0000000000000000e+00	
   2.2585136657964253e+00	  -1.8110079540852249e+00	   0.0000000000000000e+00	
   2.2720126601398336e+00	  -1.7940435503391430e+00	   0.0000000000000000e+00	
   2.2853842324495219e+00	  -1.7769785306582262e+00	   0.0000000000000000e+00	
   2.2986276328032025e+00	  -1.7598138521055871e+00	   0.0000000000000000e+00	
   2.3117421184668951e+00	  -1.7425504773335412e+00	   0.0000000000000000e+00	
   2.3247269539365840e+00	  -1.7251893745296172e+00	   0.0000000000000000e+00	
   2.3334894841309821e+00	  -1.7047421402166796e+00	   0.0000000000000000e+00	
   2.3461905696398997e+00	  -1.6872192353435360e+00	   0.0000000000000000e+00	
   2.3587600729709881e+00	  -1.6696017055987704e+00	   0.0000000000000000e+00	
   2.3711972891846576e+00	  -1.6518905390320981e+00	   0.0000000000000000e+00	
   2.3835015207604178e+00	  -1.6340867289447034e+00	   0.0000000000000000e+00	
   2.3956720776359997e+00	  -1.6161912738335260e+00	   0.0000000000000000e+00	
   2.4034862028763273e+00	  -1.5954026197411499e+00	   0.0000000000000000e+00	
   2.4153665007133132e+00	  -1.5773585875525307e+00	   0.0000000000000000e+00	
   2.4271113367559658e+00	  -1.5592260918431489e+00	   0.0000000000000000e+00	
   2.4387200523147770e+00	  -1.5410061495437333e+00	   0.0000000000000000e+00	
   2.4501919963343335e+00	  -1.5226997824893014e+00	   0.0000000000000000e+00	
   2.4572024947609572e+00	  -1.5016654807345713e+00	   0.0000000000000000e+00	
   2.4683793050053500e+00	  -1.4832218050280166e+00	   0.0000000000000000e+00	
   2.4794176803208599e+00	  -1.4646949453048534e+00	   0.0000000000000000e+00	
   2.4903170016386493e+00	  -1.4460859406130568e+00	   0.0000000000000000e+00	
   2.4966754200224552e+00	  -1.4248839930403217e+00	   0.0000000000000000e+00	
   2.5072761200359408e+00	  -1.4061468644719703e+00	   0.0000000000000000e+00	
   2.5177362036576638e+00	  -1.3873308745062689e+00	   0.0000000000000000e+00	
   2.5280550842513132e+00	  -1.3684370784065745e+00	   0.0000000000000000e+00	
   2.5337576875366028e+00	  -1.3470876430936778e+00	   0.0000000000000000e+00	
   2.5437747442284921e+00	  -1.3280749933463030e+00	   0.0000000000000000e+00	
   2.5536491375642671e+00	  -1.3089878607320189e+00	   0.0000000000000000e+00	
   2.5633803137550766e+00	  -1.2898273157207674e+00	   0.0000000000000000e+00	
   2.5684239884162303e+00	  -1.2683506235644617e+00	   0.0000000000000000e+00	
   2.5778504250216674e+00	  -1.2490805717742570e+00	   0.0000000000000000e+00	
   2.5871322871933704e+00	  -1.2297404673872840e+00	   0.0000000000000000e+00	
   2.5916760556926799e+00	  -1.2081902261818764e+00	   0.0000000000000000e+00	
   2.6006513094113011e+00	  -1.1887477306600702e+00	   0.0000000000000000e+00	
   2.6094807099466868e+00	  -1.1692385662080764e+00	   0.0000000000000000e+00	
   2.6135238216119618e+00	  -1.1476263792563233e+00	   0.0000000000000000e+00	
   2.6220449104585355e+00	  -1.1280219678874437e+00	   0.0000000000000000e+00	
   2.6257490108975214e+00	  -1.1063865675960431e+00	   0.0000000000000000e+00	
   2.6339609190788273e+00	  -1.0866917603219803e+00	   0.0000000000000000e+00	
   2.6420251059630968e+00	  -1.0669360077563006e+00	   0.0000000000000000e+00	
   2.6452281578433725e+00	  -1.0452580979399406e+00	   0.0000000000000000e+00	
   2.6529817392102135e+00	  -1.0254191288315297e+00	   0.0000000000000000e+00	
   2.6605865325291025e+00	  -1.0055226508046606e+00	   0.0000000000000000e+00	
   2.6632885025950412e+00	  -9.8381380553122300e-01	   0.0000000000000000e+00	
   2.6705814317907635e+00	  -9.6384130861006323e-01	   0.0000000000000000e+00	
   2.6729452107358829e+00	  -9.4213017494785478e-01	   0.0000000000000000e+00	
   2.6799257076073064e+00	  -9.2208652948009451e-01	   0.0000000000000000e+00	
   2.6819518358776473e+00	  -9.0037835979780967e-01	   0.0000000000000000e+00	
   2.6886194080316996e+00	  -8.8026843605513405e-01	   0.0000000000000000e+00	
   2.6903085074183415e+00	  -8.5856846597739955e-01	   0.0000000000000000e+00	
   2.6966627381396377e+00	  -8.3839713297906837e-01	   0.0000000000000000e+00	
   2.6980155113977657e+00	  -8.1671058012986375e-01	   0.0000000000000000e+00	
   2.7040560595000365e+00	  -7.9648270447018510e-01	   0.0000000000000000e+00	
   2.7050732899486358e+00	  -7.7481476722393949e-01	   0.0000000000000000e+00	
   2.7107998896080310e+00	  -7.5453521190393213e-01	   0.0000000000000000e+00	
   2.7114824407103688e+00	  -7.3289106814457194e-01	   0.0000000000000000e+00	
   2.7168949012807371e+00	  -7.1256469140807299e-01	   0.0000000000000000e+00	
   2.7172437162057670e+00	  -6.9094949729632815e-01	   0.0000000000000000e+00	
   2.7223419220160112e+00	  -6.7058115147083253e-01	   0.0000000000000000e+00	
   2.7223580231808646e+00	  -6.4900004022009239e-01	   0.0000000000000000e+00	
   2.7271419333144529e+00	  -6.2859457056262957e-01	   0.0000000000000000e+00	
   2.7268264219081670e+00	  -6.0705265122363439e-01	   0.0000000000000000e+00	
   2.7263414876636332e+00	  -5.8555077294076630e-01	   0.0000000000000000e+00	
   2.7306501254535811e+00	  -5.6511725102656374e-01	   0.0000000000000000e+00	
   2.7298356551202496e+00	  -5.4366223892883947e-01	   0.0000000000000000e+00	
   2.7288532616838914e+00	  -5.2225117485521766e-01	   0.0000000000000000e+00	
   2.7326877892456793e+00	  -5.0180061772384299e-01	   0.0000000000000000e+00	
   2.7313781130683394e+00	  -4.8044402047622070e-01	   0.0000000000000000e+00	
   2.7348994832465214e+00	  -4.5997572750964522e-01	   0.0000000000000000e+00	
   2.7332639369789349e+00	  -4.3867858914276248e-01	   0.0000000000000000e+00	
   2.7314630723875593e+00	  -4.1743178943252762e-01	   0.0000000000000000e+00	
   2.7294975520299953e+00	  -3.9623660794271776e-01	   0.0000000000000000e+00	
   2.7323883601250181e+00	  -3.7578475949006079e-01	   0.0000000000000000e+00	
   2.7301005851747138e+00	  -3.5465900903323655e-01	   0.0000000000000000e+00	
   2.7276499192806227e+00	  -3.3358863595502308e-01	   0.0000000000000000e+00	
   2.7300716193081844e+00	  -3.1315238085939451e-01	   0.0000000000000000e+00	
   2.7273014688194346e+00	  -2.9215879445525306e-01	   0.0000000000000000e+00	
   2.7243702777154111e+00	  -2.7122429131149522e-01	   0.0000000000000000e+00	
   2.7212787757843624e+00	  -2.5035010393168516e-01	   0.0000000000000000e+00	
   2.7180277022269990e+00	  -2.2953745720088542e-01	   0.0000000000000000e+00	
   2.7196704507109506e+00	  -2.0917617900067842e-01	   0.0000000000000000e+00	
   2.7161052573403843e+00	  -1.8845240810411268e-01	   0.0000000000000000e+00	
   2.7123824821613360e+00	  -1.6779378641479986e-01	   0.0000000000000000e+00	
   2.7085029011476580e+00	  -1.4720150975693277e-01	   0.0000000000000000e+00	
   2.7044672993302248e+00	  -1.2667676598523536e-01	   0.0000000000000000e+00	
   2.7002764707210809e+00	  -1.0622073491650268e-01	   0.0000000000000000e+00	
   2.6959312182370736e+00	  -8.5834588261805941e-02	   0.0000000000000000e+00	
   2.6914323536229712e+00	  -6.5519489559414903e-02	   0.0000000000000000e+00	
   2.6867806973740831e+00	  -4.5276594108417043e-02	   0.0000000000000000e+00	
   2.6819770786583770e+00	  -2.5107048903013348e-02	   0.0000000000000000e+00	
   2.6770223352381026e+00	  -5.0119925675452181e-03	   0.0000000000000000e+00	
   2.6719173133909342e+00	   1.5007444707786352e-02	   0.0000000000000000e+00	
   2.6666628678306306e+00	   3.4950141230474130e-02	   0.0000000000000000e+00	
   2.6612598616272205e+00	   5.4814983868569075e-02	   0.0000000000000000e+00	
   2.6557091661267234e+00	   7.4600868112802157e-02	   0.0000000000000000e+00	
   2.6500116608704065e+00	   9.4306698137983855e-02	   0.0000000000000000e+00	
   2.6441682335135890e+00	   1.1393138686370162e-01	   0.0000000000000000e+00	
   2.6381797797439983e+00	   1.3347385601426481e-01	   0.0000000000000000e+00	
   2.6320472031996807e+00	   1.5293303617791690e-01	   0.0000000000000000e+00	
   2.6257714153864820e+00	   1.7230786686533589e-01	   0.0000000000000000e+00	
   2.6193533355950938e+00	   1.9159729656736979e-01	   0.0000000000000000e+00	
   2.6127938908176800e+00	   2.1080028281204535e-01	   0.0000000000000000e+00	
   2.6060940156640875e+00	   2.2991579222081690e-01	   0.0000000000000000e+00	
   2.5992546522776427e+00	   2.4894280056409215e-01	   0.0000000000000000e+00	
   2.5922767502505515e+00	   2.6788029281598447e-01	   0.0000000000000000e+00	
   2.5851612665388952e+00	   2.8672726320831043e-01	   0.0000000000000000e+00	
   2.5779091653772435e+00	   3.0548271528385451e-01	   0.0000000000000000e+00	
   2.5705214181928766e+00	   3.2414566194885003e-01	   0.0000000000000000e+00	
   2.5629990035196375e+00	   3.4271512552469846e-01	   0.0000000000000000e+00	
   2.5553429069114055e+00	   3.6119013779894660e-01	   0.0000000000000000e+00	
   2.5475541208552155e+00	   3.7956974007546995e-01	   0.0000000000000000e+00	
   2.5396336446840104e+00	   3.9785298322390117e-01	   0.0000000000000000e+00	
   2.5315824844890518e+00	   4.1603892772827128e-01	   0.0000000000000000e+00	
   2.5234016530319798e+00	   4.3412664373489951e-01	   0.0000000000000000e+00	
   2.5150921696565387e+00	   4.5211521109948394e-01	   0.0000000000000000e+00	
   2.5066550601999746e+00	   4.7000371943341068e-01	   0.0000000000000000e+00	
   2.4980913569041037e+00	   4.8779126814930507e-01	   0.0000000000000000e+00	
   2.4894020983260692e+00	   5.0547696650577334e-01	   0.0000000000000000e+00	
   2.4805883292487838e+00	   5.2305993365136016e-01	   0.0000000000000000e+00	
   2.4716511005910724e+00	   5.4053929866773676e-01	   0.0000000000000000e+00	
   2.4625914693175126e+00	   5.5791420061207808e-01	   0.0000000000000000e+00	
   2.4534104983479952e+00	   5.7518378855864560e-01	   0.0000000000000000e+00	
   2.4441092564669904e+00	   5.9234722163959741e-01	   0.0000000000000000e+00	
   2.4346888182325448e+00	   6.0940366908497756e-01	   0.0000000000000000e+00	
   2.4251502638850071e+00	   6.2635231026192029e-01	   0.0000000000000000e+00	
   2.4154946792554943e+00	   6.4319233471303938e-01	   0.0000000000000000e+00	
   2.4057231556740954e+00	   6.5992294219404124e-01	   0.0000000000000000e+00	
   2.3958367898778326e+00	   6.7654334271050842e-01	   0.0000000000000000e+00	
   2.3858366839183804e+00	   6.9305275655388221e-01	   0.0000000000000000e+00	
   2.3757239450695442e+00	   7.0945041433665634e-01	   0.0000000000000000e+00	
   2.3654996857345192e+00	   7.2573555702674175e-01	   0.0000000000000000e+00	
   2.3551650233529204e+00	   7.4190743598102193e-01	   0.0000000000000000e+00	
   2.3447210803076040e+00	   7.5796531297811698e-01	   0.0000000000000000e+00	
   2.3341689838312787e+00	   7.7390846025031246e-01	   0.0000000000000000e+00	
   2.3235098659129161e+00	   7.8973616051468742e-01	   0.0000000000000000e+00	
   2.3127448632039740e+00	   8.0544770700341395e-01	   0.0000000000000000e+00	
   2.3018751169244220e+00	   8.2104240349326341e-01	   0.0000000000000000e+00	
   2.2909017727685983e+00	   8.3651956433427455e-01	   0.0000000000000000e+00	
   2.2798259808108918e+00	   8.5187851447760243e-01	   0.0000000000000000e+00	
   2.2686488954112507e+00	   8.6711858950256981e-01	   0.0000000000000000e+00	
   2.2573716751205439e+00	   8.8223913564287670e-01	   0.0000000000000000e+00	
   2.2459954825857671e+00	   8.9723950981198941e-01	   0.0000000000000000e+00	
   2.2345214844550974e+00	   9.1211907962772731e-01	   0.0000000000000000e+00	
   2.2229508512828220e+00	   9.2687722343600554e-01	   0.0000000000000000e+00	
   2.2112847574341270e+00	   9.4151333033376561e-01	   0.0000000000000000e+00	
   2.1995243809897698e+00	   9.5602680019107189e-01	   0.0000000000000000e+00	
   2.1876709036506274e+00	   9.7041704367240278e-01	   0.0000000000000000e+00	
   2.1757255106421414e+00	   9.8468348225709745e-01	   0.0000000000000000e+00	
   2.1636893906186612e+00	   9.9882554825898040e-01	   0.0000000000000000e+00	
   2.1515637355676840e+00	   1.0128426848451737e+00	   0.0000000000000000e+00	
   2.1393497407140125e+00	   1.0267343460540697e+00	   0.0000000000000000e+00	
   2.1270486044238335e+00	   1.0404999968124735e+00	   0.0000000000000000e+00	
   2.1146615281087153e+00	   1.0541391129519393e+00	   0.0000000000000000e+00	
   2.1021897161295380e+00	   1.0676511812242588e+00	   0.0000000000000000e+00	
   2.0896343757003706e+00	   1.0810356993161341e+00	   0.0000000000000000e+00	
   2.0769967167922911e+00	   1.0942921758630133e+00	   0.0000000000000000e+00	
   2.0642779520371515e+00	   1.1074201304621181e+00	   0.0000000000000000e+00	
   2.0514792966313160e+00	   1.1204190936846268e+00	   0.0000000000000000e+00	
   2.0386019682393646e+00	   1.1332886070870307e+00	   0.0000000000000000e+00	
   2.0256471868977592e+00	   1.1460282232216823e+00	   0.0000000000000000e+00	
   2.0126161749185041e+00	   1.1586375056464986e+00	   0.0000000000000000e+00	
   1.9995101567927962e+00	   1.1711160289338389e+00	   0.0000000000000000e+00	
   1.9863303590946537e+00	   1.1834633786785758e+00	   0.0000000000000000e+00	
   1.9730780103845644e+00	   1.1956791515053213e+00	   0.0000000000000000e+00	
   1.9597543411131417e+00	   1.2077629550748303e+00	   0.0000000000000000e+00	
   1.9463605835247826e+00	   1.2197144080895981e+00	   0.0000000000000000e+00	
   1.9328979715613641e+00	   1.2315331402986109e+00	   0.0000000000000000e+00	
   1.9193677407659617e+00	   1.2432187925012914e+00	   0.0000000000000000e+00	
   1.9057711281866132e+00	   1.2547710165506039e+00	   0.0000000000000000e+00	
   1.8921093722801101e+00	   1.2661894753553649e+00	   0.0000000000000000e+00	
   1.8783837128158569e+00	   1.2774738428817092e+00	   0.0000000000000000e+00	
   1.8645953907797823e+00	   1.2886238041537406e+00	   0.0000000000000000e+00	
   1.8507456482783082e+00	   1.2996390552533796e+00	   0.0000000000000000e+00	
   1.8368357284423988e+00	   1.3105193033193765e+00	   0.0000000000000000e+00	
   1.8228668753316883e+00	   1.3212642665455090e+00	   0.0000000000000000e+00	
   1.8088403338386831e+00	   1.3318736741779806e+00	   0.0000000000000000e+00	
   1.7947573495930682e+00	   1.3423472665119851e+00	   0.0000000000000000e+00	
   1.7806191688661048e+00	   1.3526847948874710e+00	   0.0000000000000000e+00	
   1.7664270384751408e+00	   1.3628860216840837e+00	   0.0000000000000000e+00	
   1.7521822056882224e+00	   1.3729507203153115e+00	   0.0000000000000000e+00	
   1.7378859181288333e+00	   1.3828786752218127e+00	   0.0000000000000000e+00	
   1.7235394236807617e+00	   1.3926696818639297e+00	   0.0000000000000000e+00	
   1.7091439703930913e+00	   1.4023235467134159e+00	   0.0000000000000000e+00	
   1.6947008063853366e+00	   1.4118400872443424e+00	   0.0000000000000000e+00	
   1.6802111797527293e+00	   1.4212191319231999e+00	   0.0000000000000000e+00	
   1.6656763384716451e+00	   1.4304605201982192e+00	   0.0000000000000000e+00	
   1.6510975303052025e+00	   1.4395641024878696e+00	   0.0000000000000000e+00	
   1.6364760027090177e+00	   1.4485297401685755e+00	   0.0000000000000000e+00	
   1.6218130027371449e+00	   1.4573573055616231e+00	   0.0000000000000000e+00	
   1.6071097769481797e+00	   1.4660466819192937e+00	   0.0000000000000000e+00	
   1.5923675713115584e+00	   1.4745977634101850e+00	   0.0000000000000000e+00	
   1.5775876311140551e+00	   1.4830104551037500e+00	   0.0000000000000000e+00	
   1.5627712008664627e+00	   1.4912846729540548e+00	   0.0000000000000000e+00	
   1.5479195242104911e+00	   1.4994203437827429e+00	   0.0000000000000000e+00	
   1.5330338438258801e+00	   1.5074174052612124e+00	   0.0000000000000000e+00	
   1.5181154013377178e+00	   1.5152758058920268e+00	   0.0000000000000000e+00	
   1.5031654372239938e+00	   1.5229955049895338e+00	   0.0000000000000000e+00	
   1.4881851907233905e+00	   1.5305764726597069e+00	   0.0000000000000000e+00	
   1.4731758997432929e+00	   1.5380186897792261e+00	   0.0000000000000000e+00	
   1.4581388007680620e+00	   1.5453221479737718e+00	   0.0000000000000000e+00	
   1.4430751287675481e+00	   1.5524868495955606e+00	   0.0000000000000000e+00	
   1.4279861171058710e+00	   1.5595128077001015e+00	   0.0000000000000000e+00	
   1.4128729974504513e+00	   1.5664000460222065e+00	   0.0000000000000000e+00	
   1.3977369996813185e+00	   1.5731485989512244e+00	   0.0000000000000000e+00	
   1.3825793518007050e+00	   1.5797585115055155e+00	   0.0000000000000000e+00	
   1.3674012798428998e+00	   1.5862298393061858e+00	   0.0000000000000000e+00	
   1.3522040077844113e+00	   1.5925626485500519e+00	   0.0000000000000000e+00	
   1.3369887574544215e+00	   1.5987570159818594e+00	   0.0000000000000000e+00	
   1.3217567484455295e+00	   1.6048130288657609e+00	   0.0000000000000000e+00	
   1.3065091980248174e+00	   1.6107307849560424e+00	   0.0000000000000000e+00	
   1.2912473210452196e+00	   1.6165103924671105e+00	   0.0000000000000000e+00	
   1.2759723298572214e+00	   1.6221519700427369e+00	   0.0000000000000000e+00	
   1.2606854342208698e+00	   1.6276556467245800e+00	   0.0000000000000000e+00	
   1.2453878412181270e+00	   1.6330215619199597e+00	   0.0000000000000000e+00	
   1.2300807551655630e+00	   1.6382498653689102e+00	   0.0000000000000000e+00	
   1.2147653775273803e+00	   1.6433407171105088e+00	   0.0000000000000000e+00	
   1.1994429068287973e+00	   1.6482942874484807e+00	   0.0000000000000000e+00	
   1.1841145385697931e+00	   1.6531107569160781e+00	   0.0000000000000000e+00	
   1.1687814651391961e+00	   1.6577903162402581e+00	   0.0000000000000000e+00	
   1.1534448757291567e+00	   1.6623331663051335e+00	   0.0000000000000000e+00	
   1.1381059562499849e+00	   1.6667395181147273e+00	   0.0000000000000000e+00	
   1.1227658892453749e+00	   1.6710095927550075e+00	   0.0000000000000000e+00	
   1.1074258538080011e+00	   1.6751436213552393e+00	   0.0000000000000000e+00	
   1.0920870254955157e+00	   1.6791418450486242e+00	   0.0000000000000000e+00	
   1.0767505762469474e+00	   1.6830045149322466e+00	   0.0000000000000000e+00	
   1.0614176742994823e+00	   1.6867318920263412e+00	   0.0000000000000000e+00	
   1.0460894841056723e+00	   1.6903242472328610e+00	   0.0000000000000000e+00	
   1.0307671662510522e+00	   1.6937818612933648e+00	   0.0000000000000000e+00	
   1.0154518773721648e+00	   1.6971050247462354e+00	   0.0000000000000000e+00	
   1.0001447700750250e+00	   1.7002940378832090e+00	   0.0000000000000000e+00	
   9.8484699285400412e-01	   1.7033492107052444e+00	   0.0000000000000000e+00	
   9.6955969001115938e-01	   1.7062708628777155e+00	   0.0000000000000000e+00	
   9.5428400157598903e-01	   1.7090593236849523e+00	   0.0000000000000000e+00	
   9.3902106322564727e-01	   1.7117149319841132e+00	   0.0000000000000000e+00	
   9.2377200620561140e-01	   1.7142380361584031e+00	   0.0000000000000000e+00	
   9.0853795725079078e-01	   1.7166289940696502e+00	   0.0000000000000000e+00	
   8.9332003850711383e-01	   1.7188881730102259e+00	   0.0000000000000000e+00	
   8.7811936745358110e-01	   1.7210159496543238e+00	   0.0000000000000000e+00	
   8.6293705682477717e-01	   1.7230127100086097e+00	   0.0000000000000000e+00	
   8.4777421453387591e-01	   1.7248788493622289e+00	   0.0000000000000000e+00	
   8.3263194359612713e-01	   1.7266147722361846e+00	   0.0000000000000000e+00	
   8.1751134205281784e-01	   1.7282208923320999e+00	   0.0000000000000000e+00	
   8.0241350289574265e-01	   1.7296976324803504e+00	   0.0000000000000000e+00	
   7.8733951399216251e-01	   1.7310454245875873e+00	   0.0000000000000000e+00	
   7.7229045801027796e-01	   1.7322647095836432e+00	   0.0000000000000000e+00	
   7.5726741234519068e-01	   1.7333559373678407e+00	   0.0000000000000000e+00	
   7.4227144904539644e-01	   1.7343195667546898e+00	   0.0000000000000000e+00	
   7.2730363473979442e-01	   1.7351560654189917e+00	   0.0000000000000000e+00	
   7.1236503056520439e-01	   1.7358659098403533e+00	   0.0000000000000000e+00	
   6.9745669209442562e-01	   1.7364495852471087e+00	   0.0000000000000000e+00	
   6.8257966926483027e-01	   1.7369075855596596e+00	   0.0000000000000000e+00	
   6.6773500630747584e-01	   1.7372404133332400e+00	   0.0000000000000000e+00	
   6.5292374167677802e-01	   1.7374485797001047e+00	   0.0000000000000000e+00	
   6.3814690798071827e-01	   1.7375326043111510e+00	   0.0000000000000000e+00	
   6.2340553191161374e-01	   1.7374930152769741e+00	   0.0000000000000000e+00	
   6.0870063417742371e-01	   1.7373303491083698e+00	   0.0000000000000000e+00	
   5.9403322943363246e-01	   1.7370451506562792e+00	   0.0000000000000000e+00	
   5.7940432621569571e-01	   1.7366379730511838e+00	   0.0000000000000000e+00	
   5.6481492687203982e-01	   1.7361093776419638e+00	   0.0000000000000000e+00	
   5.5026602749765063e-01	   1.7354599339342118e+00	   0.0000000000000000e+00	
   5.3575861786823753e-01	   1.7346902195280152e+00	   0.0000000000000000e+00	
   5.2129368137496546e-01	   1.7338008200552135e+00	   0.0000000000000000e+00	
   5.0687219495978841e-01	   1.7327923291161300e+00	   0.0000000000000000e+00	
   4.9249512905136239e-01	   1.7316653482157869e+00	   0.0000000000000000e+00	
   4.7816344750156409e-01	   1.7304204866996078e+00	   0.0000000000000000e+00	
   4.6387810752258801e-01	   1.7290583616886166e+00	   0.0000000000000000e+00	
   4.4964005962466397e-01	   1.7275795980141306e+00	   0.0000000000000000e+00	
   4.3545024755437689e-01	   1.7259848281519592e+00	   0.0000000000000000e+00	
   4.2130960823358482e-01	   1.7242746921561143e+00	   0.0000000000000000e+00	
   4.0721907169896365e-01	   1.7224498375920330e+00	   0.0000000000000000e+00	
   3.9317956104217033e-01	   1.7205109194693196e+00	   0.0000000000000000e+00	
   3.7919199235061241e-01	   1.7184586001740179e+00	   0.0000000000000000e+00	
   3.6525727464885738e-01	   1.7162935494004106e+00	   0.0000000000000000e+00	
   3.5137630984067092e-01	   1.7140164440823562e+00	   0.0000000000000000e+00	
   3.3754999265167329e-01	   1.7116279683241720e+00	   0.0000000000000000e+00	
   3.2377921057264780e-01	   1.7091288133310607e+00	   0.0000000000000000e+00	
   3.1006484380347860e-01	   1.7065196773390936e+00	   0.0000000000000000e+00	
   2.9640776519774276e-01	   1.7038012655447514e+00	   0.0000000000000000e+00	
   2.8280884020793101e-01	   1.7009742900340330e+00	   0.0000000000000000e+00	
   2.6926892683133424e-01	   1.6980394697111323e+00	   0.0000000000000000e+00	
   2.5578887555658308e-01	   1.6949975302266929e+00	   0.0000000000000000e+00	
   2.4236952931082884e-01	   1.6918492039056461e+00	   0.0000000000000000e+00	
   2.2901172340759965e-01	   1.6885952296746363e+00	   0.0000000000000000e+00	
   2.1571628549531974e-01	   1.6852363529890393e+00	   0.0000000000000000e+00	
   2.0248403550647928e-01	   1.6817733257595833e+00	   0.0000000000000000e+00	
   1.8931578560749107e-01	   1.6782069062785743e+00	   0.0000000000000000e+00	
   1.7621234014920886e-01	   1.6745378591457329e+00	   0.0000000000000000e+00	
   1.6317449561813135e-01	   1.6707669551936495e+00	   0.0000000000000000e+00	
   1.5020304058826783e-01	   1.6668949714128620e+00	   0.0000000000000000e+00	
   1.3729875567369990e-01	   1.6629226908765673e+00	   0.0000000000000000e+00	
   1.2446241348182704e-01	   1.6588509026649603e+00	   0.0000000000000000e+00	
   1.1169477856728453e-01	   1.6546804017892243e+00	   0.0000000000000000e+00	
   9.8996607386565252e-02	   1.6504119891151623e+00	   0.0000000000000000e+00	
   8.6368648253334179e-02	   1.6460464712864835e+00	   0.0000000000000000e+00	
   7.3811641294422609e-02	   1.6415846606477522e+00	   0.0000000000000000e+00	
   6.1326318406536497e-02	   1.6370273751669995e+00	   0.0000000000000000e+00	
   4.8913403213654755e-02	   1.6323754383580091e+00	   0.0000000000000000e+00	
   3.6573611025139882e-02	   1.6276296792022800e+00	   0.0000000000000000e+00	
   2.4307648794537211e-02	   1.6227909320706755e+00	   0.0000000000000000e+00	
   1.2116215079095988e-02	   1.6178600366447604e+00	   0.0000000000000000e+00	
   0.0000000000000000e+00	   1.6179054054054052e+00	   0.0000000000000000e+00	
