   1.6179054054054052e+00	   0.0000000000000000e+00	   0.0000000000000000e+00	
   1.6229274621092984e+00	   1.2154165220292225e-02	   0.0000000000000000e+00	
   1.6278579312340935e+00	   2.4383546948557818e-02	   0.0000000000000000e+00	
   1.6326959678903967e+00	   3.6687452935365315e-02	   0.0000000000000000e+00	
   1.6374407324364886e+00	   4.9065182495451706e-02	   0.0000000000000000e+00	
   1.6420913905572871e+00	   6.1516026547615947e-02	   0.0000000000000000e+00	
   1.6466471133430065e+00	   7.4039267655322039e-02	   0.0000000000000000e+00	
   1.6511070773675038e+00	   8.6634180068009520e-02	   0.0000000000000000e+00	
   1.6554704647663121e+00	   9.9300029763108338e-02	   0.0000000000000000e+00	
   1.6597364633143492e+00	   1.1203607448875672e-01	   0.0000000000000000e+00	
   1.6639042665032977e+00	   1.2484156380721852e-01	   0.0000000000000000e+00	
   1.6679730736186502e+00	   1.3771573913899815e-01	   0.0000000000000000e+00	
   1.6719420898164135e+00	   1.5065783380765033e-01	   0.0000000000000000e+00	
   1.6758105261994665e+00	   1.6366707308528197e-01	   0.0000000000000000e+00	
   1.6795775998935631e+00	   1.7674267423874337e-01	   0.0000000000000000e+00	
   1.6832425341229791e+00	   1.8988384657650662e-01	   0.0000000000000000e+00	
   1.6868045582857887e+00	   2.0308979149622716e-01	   0.0000000000000000e+00	
   1.6902629080287757e+00	   2.1635970253298745e-01	   0.0000000000000000e+00	
   1.6936168253219634e+00	   2.2969276540821773e-01	   0.0000000000000000e+00	
   1.6968655585327632e+00	   2.4308815807929304e-01	   0.0000000000000000e+00	
   1.7000083624997320e+00	   2.5654505078980133e-01	   0.0000000000000000e+00	
   1.7030444986059379e+00	   2.7006260612048200e-01	   0.0000000000000000e+00	
   1.7059732348519230e+00	   2.8363997904082994e-01	   0.0000000000000000e+00	
   1.7087938459282581e+00	   2.9727631696136181e-01	   0.0000000000000000e+00	
   1.7115056132876885e+00	   3.1097075978654332e-01	   0.0000000000000000e+00	
   1.7141078252168573e+00	   3.2472243996837236e-01	   0.0000000000000000e+00	
   1.7165997769076080e+00	   3.3853048256061485e-01	   0.0000000000000000e+00	
   1.7189807705278544e+00	   3.5239400527369114e-01	   0.0000000000000000e+00	
   1.7212501152920172e+00	   3.6631211853020829e-01	   0.0000000000000000e+00	
   1.7234071275310174e+00	   3.8028392552113605e-01	   0.0000000000000000e+00	
   1.7254511307618234e+00	   3.9430852226262086e-01	   0.0000000000000000e+00	
   1.7273814557565454e+00	   4.0838499765343728e-01	   0.0000000000000000e+00	
   1.7291974406110711e+00	   4.2251243353307105e-01	   0.0000000000000000e+00	
   1.7308984308132382e+00	   4.3668990474043035e-01	   0.0000000000000000e+00	
   1.7324837793105370e+00	   4.5091647917318262e-01	   0.0000000000000000e+00	
   1.7339528465773373e+00	   4.6519121784771272e-01	   0.0000000000000000e+00	
   1.7353050006816353e+00	   4.7951317495969770e-01	   0.0000000000000000e+00	
   1.7365396173513163e+00	   4.9388139794529612e-01	   0.0000000000000000e+00	
   1.7376560800399217e+00	   5.0829492754294558e-01	   0.0000000000000000e+00	
   1.7386537799919237e+00	   5.2275279785576845e-01	   0.0000000000000000e+00	
   1.7395321163074942e+00	   5.3725403641457636e-01	   0.0000000000000000e+00	
   1.7402904960067693e+00	   5.5179766424147492e-01	   0.0000000000000000e+00	
   1.7409283340935977e+00	   5.6638269591405999e-01	   0.0000000000000000e+00	
   1.7414450536187733e+00	   5.8100813963020670e-01	   0.0000000000000000e+00	
   1.7418400857427430e+00	   5.9567299727343881e-01	   0.0000000000000000e+00	
   1.7421128697977855e+00	   6.1037626447888416e-01	   0.0000000000000000e+00	
   1.7422628533496598e+00	   6.2511693069980445e-01	   0.0000000000000000e+00	
   1.7422894922587082e+00	   6.3989397927469771e-01	   0.0000000000000000e+00	
   1.7421922507404217e+00	   6.5470638749497001e-01	   0.0000000000000000e+00	
   1.7419706014254526e+00	   6.6955312667317024e-01	   0.0000000000000000e+00	
   1.7416240254190718e+00	   6.8443316221178430e-01	   0.0000000000000000e+00	
   1.7411520123600723e+00	   6.9934545367258427e-01	   0.0000000000000000e+00	
   1.7405540604791012e+00	   7.1428895484652877e-01	   0.0000000000000000e+00	
   1.7398296766564285e+00	   7.2926261382420776e-01	   0.0000000000000000e+00	
   1.7389783764791382e+00	   7.4426537306682983e-01	   0.0000000000000000e+00	
   1.7379996842977423e+00	   7.5929616947774536e-01	   0.0000000000000000e+00	
   1.7368931332822102e+00	   7.7435393447450196e-01	   0.0000000000000000e+00	
   1.7356582654774102e+00	   7.8943759406142633e-01	   0.0000000000000000e+00	
   1.7342946318579564e+00	   8.0454606890272917e-01	   0.0000000000000000e+00	
   1.7328017923824590e+00	   8.1967827439612784e-01	   0.0000000000000000e+00	
   1.7311793160471718e+00	   8.3483312074698091e-01	   0.0000000000000000e+00	
   1.7294267809390318e+00	   8.5000951304293060e-01	   0.0000000000000000e+00	
   1.7275437742880859e+00	   8.6520635132904944e-01	   0.0000000000000000e+00	
   1.7255298925193028e+00	   8.8042253068348209e-01	   0.0000000000000000e+00	
   1.7233847413037644e+00	   8.9565694129358231e-01	   0.0000000000000000e+00	
   1.7211079356092303e+00	   9.1090846853253693e-01	   0.0000000000000000e+00	
   1.7186990997500715e+00	   9.2617599303647258e-01	   0.0000000000000000e+00	
   1.7161578674365718e+00	   9.4145839078203897e-01	   0.0000000000000000e+00	
   1.7134838818235918e+00	   9.5675453316446590e-01	   0.0000000000000000e+00	
   1.7106767955585844e+00	   9.7206328707608713e-01	   0.0000000000000000e+00	
   1.7077362708289701e+00	   9.8738351498532473e-01	   0.0000000000000000e+00	
   1.7046619794088560e+00	   1.0027140750161314e+00	   0.0000000000000000e+00	
   1.7014536027051004e+00	   1.0180538210278840e+00	   0.0000000000000000e+00	
   1.6981108318027192e+00	   1.0334016026957218e+00	   0.0000000000000000e+00	
   1.6946333675096266e+00	   1.0487562655913265e+00	   0.0000000000000000e+00	
   1.6910209204007092e+00	   1.0641166512641358e+00	   0.0000000000000000e+00	
   1.6872732108612261e+00	   1.0794815973229881e+00	   0.0000000000000000e+00	
   1.6833899691295362e+00	   1.0948499375181899e+00	   0.0000000000000000e+00	
   1.6793709353391444e+00	   1.1102205018240030e+00	   0.0000000000000000e+00	
   1.6752158595600630e+00	   1.1255921165215419e+00	   0.0000000000000000e+00	
   1.6709245018394878e+00	   1.1409636042820825e+00	   0.0000000000000000e+00	
   1.6664966322417809e+00	   1.1563337842507686e+00	   0.0000000000000000e+00	
   1.6619320308877603e+00	   1.1717014721307164e+00	   0.0000000000000000e+00	
   1.6572304879932904e+00	   1.1870654802675085e+00	   0.0000000000000000e+00	
   1.6523918039071688e+00	   1.2024246177340732e+00	   0.0000000000000000e+00	
   1.6474157891483099e+00	   1.2177776904159416e+00	   0.0000000000000000e+00	
   1.6423022644422169e+00	   1.2331235010968764e+00	   0.0000000000000000e+00	
   1.6370510607567417e+00	   1.2484608495448706e+00	   0.0000000000000000e+00	
   1.6316620193371285e+00	   1.2637885325985052e+00	   0.0000000000000000e+00	
   1.6261349917403374e+00	   1.2791053442536624e+00	   0.0000000000000000e+00	
   1.6204698398686461e+00	   1.2944100757505888e+00	   0.0000000000000000e+00	
   1.6146664360025231e+00	   1.3097015156613001e+00	   0.0000000000000000e+00	
   1.6087246628327723e+00	   1.3249784499773269e+00	   0.0000000000000000e+00	
   1.6026444134919464e+00	   1.3402396621977861e+00	   0.0000000000000000e+00	
   1.5964255915850210e+00	   1.3554839334177831e+00	   0.0000000000000000e+00	
   1.5900681112193324e+00	   1.3707100424171281e+00	   0.0000000000000000e+00	
   1.5835718970337715e+00	   1.3859167657493712e+00	   0.0000000000000000e+00	
   1.5769368842272344e+00	   1.4011028778311376e+00	   0.0000000000000000e+00	
   1.5701630185863220e+00	   1.4162671510317695e+00	   0.0000000000000000e+00	
   1.5632502565122925e+00	   1.4314083557632586e+00	   0.0000000000000000e+00	
   1.5561985650472550e+00	   1.4465252605704673e+00	   0.0000000000000000e+00	
   1.5490079218996120e+00	   1.4616166322216346e+00	   0.0000000000000000e+00	
   1.5416783154687388e+00	   1.4766812357991541e+00	   0.0000000000000000e+00	
   1.5342097448689005e+00	   1.4917178347906246e+00	   0.0000000000000000e+00	
   1.5266022199524070e+00	   1.5067251911801613e+00	   0.0000000000000000e+00	
   1.5188557613319986e+00	   1.5217020655399642e+00	   0.0000000000000000e+00	
   1.5109704004024629e+00	   1.5366472171221388e+00	   0.0000000000000000e+00	
   1.5029461793614760e+00	   1.5515594039507576e+00	   0.0000000000000000e+00	
   1.4947831512296748e+00	   1.5664373829141627e+00	   0.0000000000000000e+00	
   1.4864813798699470e+00	   1.5812799098574957e+00	   0.0000000000000000e+00	
   1.4780409400059431e+00	   1.5960857396754558e+00	   0.0000000000000000e+00	
   1.4694619172398080e+00	   1.6108536264052722e+00	   0.0000000000000000e+00	
   1.4607444080691265e+00	   1.6255823233198934e+00	   0.0000000000000000e+00	
   1.4518885199030824e+00	   1.6402705830213749e+00	   0.0000000000000000e+00	
   1.4428943710778330e+00	   1.6549171575344703e+00	   0.0000000000000000e+00	
   1.4337620908710880e+00	   1.6695207984004148e+00	   0.0000000000000000e+00	
   1.4244918195158998e+00	   1.6840802567708890e+00	   0.0000000000000000e+00	
   1.4150837082136578e+00	   1.6985942835021663e+00	   0.0000000000000000e+00	
   1.4055379191462865e+00	   1.7130616292494323e+00	   0.0000000000000000e+00	
   1.3958546254876467e+00	   1.7274810445612636e+00	   0.0000000000000000e+00	
   1.3860340114141345e+00	   1.7418512799742749e+00	   0.0000000000000000e+00	
   1.3760762721144819e+00	   1.7561710861079101e+00	   0.0000000000000000e+00	
   1.3659816137987506e+00	   1.7704392137593818e+00	   0.0000000000000000e+00	
   1.3557502537065238e+00	   1.7846544139987521e+00	   0.0000000000000000e+00	
   1.3453824201142890e+00	   1.7988154382641401e+00	   0.0000000000000000e+00	
   1.3348783523420158e+00	   1.8129210384570589e+00	   0.0000000000000000e+00	
   1.3242383007589216e+00	   1.8269699670378674e+00	   0.0000000000000000e+00	
   1.3134625267884263e+00	   1.8409609771213389e+00	   0.0000000000000000e+00	
   1.3025513029122986e+00	   1.8548928225723287e+00	   0.0000000000000000e+00	
   1.2915049126739828e+00	   1.8687642581015436e+00	   0.0000000000000000e+00	
   1.2803236506811175e+00	   1.8825740393614010e+00	   0.0000000000000000e+00	
   1.2690078226072325e+00	   1.8963209230419735e+00	   0.0000000000000000e+00	
   1.2575577451926321e+00	   1.9100036669670097e+00	   0.0000000000000000e+00	
   1.2459737462444611e+00	   1.9236210301900261e+00	   0.0000000000000000e+00	
   1.2342561646359465e+00	   1.9371717730904643e+00	   0.0000000000000000e+00	
   1.2224053503048276e+00	   1.9506546574699024e+00	   0.0000000000000000e+00	
   1.2104216642509564e+00	   1.9640684466483191e+00	   0.0000000000000000e+00	
   1.1983054785330813e+00	   1.9774119055603989e+00	   0.0000000000000000e+00	
   1.1860571762648089e+00	   1.9906838008518741e+00	   0.0000000000000000e+00	
   1.1736771516097400e+00	   2.0038829009758974e+00	   0.0000000000000000e+00	
   1.1611658097757815e+00	   2.0170079762894355e+00	   0.0000000000000000e+00	
   1.1485235670086371e+00	   2.0300577991496769e+00	   0.0000000000000000e+00	
   1.1357508505844678e+00	   2.0430311440104525e+00	   0.0000000000000000e+00	
   1.1228480988017340e+00	   2.0559267875186511e+00	   0.0000000000000000e+00	
   1.1098157609722041e+00	   2.0687435086106376e+00	   0.0000000000000000e+00	
   1.0966542974111420e+00	   2.0814800886086506e+00	   0.0000000000000000e+00	
   1.0833641794266653e+00	   2.0941353113171868e+00	   0.0000000000000000e+00	
   1.0699458893082781e+00	   2.1067079631193559e+00	   0.0000000000000000e+00	
   1.0563999203145764e+00	   2.1191968330732029e+00	   0.0000000000000000e+00	
   1.0427267766601245e+00	   2.1316007130079915e+00	   0.0000000000000000e+00	
   1.0289269735015076e+00	   2.1439183976204355e+00	   0.0000000000000000e+00	
   1.0150010369225542e+00	   2.1561486845708822e+00	   0.0000000000000000e+00	
   1.0009495039187315e+00	   2.1682903745794326e+00	   0.0000000000000000e+00	
   9.8677292238071523e-01	   2.1803422715219876e+00	   0.0000000000000000e+00	
   9.7247185107713074e-01	   2.1923031825262278e+00	   0.0000000000000000e+00	
   9.5804685963646785e-01	   2.2041719180675052e+00	   0.0000000000000000e+00	
   9.4349852852817140e-01	   2.2159472920646461e+00	   0.0000000000000000e+00	
   9.2882744904289960e-01	   2.2276281219756600e+00	   0.0000000000000000e+00	
   9.1403422327196282e-01	   2.2392132288933428e+00	   0.0000000000000000e+00	
   8.9911946408593479e-01	   2.2507014376407728e+00	   0.0000000000000000e+00	
   8.8408379511243829e-01	   2.2620915768666841e+00	   0.0000000000000000e+00	
   8.6892785071310563e-01	   2.2733824791407216e+00	   0.0000000000000000e+00	
   8.5365227595971849e-01	   2.2845729810485600e+00	   0.0000000000000000e+00	
   8.3825772660952191e-01	   2.2956619232868878e+00	   0.0000000000000000e+00	
   8.2274486907971678e-01	   2.3066481507582433e+00	   0.0000000000000000e+00	
   8.0711438042113381e-01	   2.3175305126657006e+00	   0.0000000000000000e+00	
   7.9136694829108001e-01	   2.3283078626073950e+00	   0.0000000000000000e+00	
   7.7550327092537263e-01	   2.3389790586708812e+00	   0.0000000000000000e+00	
   7.5952405710955040e-01	   2.3495429635273206e+00	   0.0000000000000000e+00	
   7.4343002614926801e-01	   2.3599984445254876e+00	   0.0000000000000000e+00	
   7.2722190783987561e-01	   2.3703443737855867e+00	   0.0000000000000000e+00	
   7.1090044243517847e-01	   2.3805796282928777e+00	   0.0000000000000000e+00	
   6.9446638061538724e-01	   2.3907030899910993e+00	   0.0000000000000000e+00	
   6.7792048345425282e-01	   2.4007136458756841e+00	   0.0000000000000000e+00	
   6.6126352238538944e-01	   2.4106101880867592e+00	   0.0000000000000000e+00	
   6.4449627916778951e-01	   2.4203916140019244e+00	   0.0000000000000000e+00	
   6.2761954585052637e-01	   2.4300568263287996e+00	   0.0000000000000000e+00	
   6.1063412473665135e-01	   2.4396047331973429e+00	   0.0000000000000000e+00	
   5.9354082834628663e-01	   2.4490342482519187e+00	   0.0000000000000000e+00	
   5.7634047937891297e-01	   2.4583442907431183e+00	   0.0000000000000000e+00	
   5.5903391067485197e-01	   2.4675337856193273e+00	   0.0000000000000000e+00	
   5.4162196517595163e-01	   2.4766016636180268e+00	   0.0000000000000000e+00	
   5.2410549588547140e-01	   2.4855468613568239e+00	   0.0000000000000000e+00	
   5.0648536582716952e-01	   2.4943683214242061e+00	   0.0000000000000000e+00	
   4.8876244800359819e-01	   2.5030649924700135e+00	   0.0000000000000000e+00	
   4.7093762535359890e-01	   2.5116358292956167e+00	   0.0000000000000000e+00	
   4.5301179070901432e-01	   2.5200797929438004e+00	   0.0000000000000000e+00	
   4.3498584675060514e-01	   2.5283958507883431e+00	   0.0000000000000000e+00	
   4.1686070596318359e-01	   2.5365829766232810e+00	   0.0000000000000000e+00	
   3.9863729058996156e-01	   2.5446401507518588e+00	   0.0000000000000000e+00	
   3.8031653258611281e-01	   2.5525663600751556e+00	   0.0000000000000000e+00	
   3.6189937357155938e-01	   2.5603605981803765e+00	   0.0000000000000000e+00	
   3.4338676478297786e-01	   2.5680218654288081e+00	   0.0000000000000000e+00	
   3.2477966702502981e-01	   2.5755491690434300e+00	   0.0000000000000000e+00	
   3.0607905062082263e-01	   2.5829415231961734e+00	   0.0000000000000000e+00	
   2.8728589536159332e-01	   2.5901979490948221e+00	   0.0000000000000000e+00	
   2.6840119045563116e-01	   2.5973174750695502e+00	   0.0000000000000000e+00	
   2.4942593447643091e-01	   2.6042991366590851e+00	   0.0000000000000000e+00	
   2.3036113531008759e-01	   2.6111419766964947e+00	   0.0000000000000000e+00	
   2.1120781010192491e-01	   2.6178450453945930e+00	   0.0000000000000000e+00	
   1.9196698520237371e-01	   2.6244074004309472e+00	   0.0000000000000000e+00	
   1.7263969611209221e-01	   2.6308281070324950e+00	   0.0000000000000000e+00	
   1.5322698742633611e-01	   2.6371062380597516e+00	   0.0000000000000000e+00	
   1.3372991277858298e-01	   2.6432408740906101e+00	   0.0000000000000000e+00	
   1.1414953478340556e-01	   2.6492311035037224e+00	   0.0000000000000000e+00	
   9.4486924978609374e-02	   2.6550760225614569e+00	   0.0000000000000000e+00	
   7.4743163766628068e-02	   2.6607747354924278e+00	   0.0000000000000000e+00	
   5.4919340355183345e-02	   2.6663263545735854e+00	   0.0000000000000000e+00	
   3.5016552697215590e-02	   2.6717300002118640e+00	   0.0000000000000000e+00	
   1.5035907430078873e-02	   2.6769848010253838e+00	   0.0000000000000000e+00	
  -5.0214801859832089e-03	   2.6820898939241919e+00	   0.0000000000000000e+00	
  -2.5154486330087940e-02	   2.6870444241905442e+00	   0.0000000000000000e+00	
  -4.5361978683678757e-02	   2.6918475455587219e+00	   0.0000000000000000e+00	
  -6.5642816494212483e-02	   2.6964984202943660e+00	   0.0000000000000000e+00	
  -8.5995850639551633e-02	   2.7009962192733403e+00	   0.0000000000000000e+00	
  -1.0641992369306819e-01	   2.7053401220601003e+00	   0.0000000000000000e+00	
  -1.2691386998945167e-01	   2.7095293169855719e+00	   0.0000000000000000e+00	
  -1.4747651569121459e-01	   2.7135630012245309e+00	   0.0000000000000000e+00	
  -1.6810667885590155e-01	   2.7174403808724770e+00	   0.0000000000000000e+00	
  -1.8845240810411334e-01	   2.7161052573403843e+00	   0.0000000000000000e+00	
  -2.0917617900067709e-01	   2.7196704507109506e+00	   0.0000000000000000e+00	
  -2.2996389537998047e-01	   2.7230772954315325e+00	   0.0000000000000000e+00	
  -2.5081434568702965e-01	   2.7263250338677807e+00	   0.0000000000000000e+00	
  -2.7172631060686309e-01	   2.7294129176667599e+00	   0.0000000000000000e+00	
  -2.9215879445525234e-01	   2.7273014688194350e+00	   0.0000000000000000e+00	
  -3.1315238085939451e-01	   2.7300716193081844e+00	   0.0000000000000000e+00	
  -3.3420381047424319e-01	   2.7326800088785093e+00	   0.0000000000000000e+00	
  -3.5531183577706937e-01	   2.7351259267844354e+00	   0.0000000000000000e+00	
  -3.7578475949006079e-01	   2.7323883601250181e+00	   0.0000000000000000e+00	
  -3.9696462718808107e-01	   2.7345125524318141e+00	   0.0000000000000000e+00	
  -4.1819734473775838e-01	   2.7364724801496103e+00	   0.0000000000000000e+00	
  -4.3867858914276248e-01	   2.7332639369789349e+00	   0.0000000000000000e+00	
  -4.5997572750964588e-01	   2.7348994832465214e+00	   0.0000000000000000e+00	
  -4.8132191794328510e-01	   2.7363690585788798e+00	   0.0000000000000000e+00	
  -5.0180061772384232e-01	   2.7326877892456793e+00	   0.0000000000000000e+00	
  -5.2320372442025098e-01	   2.7338304989072935e+00	   0.0000000000000000e+00	
  -5.4465203545559571e-01	   2.7348056192939119e+00	   0.0000000000000000e+00	
  -5.6511725102656307e-01	   2.7306501254535815e+00	   0.0000000000000000e+00	
  -5.8661489477189199e-01	   2.7312960699649360e+00	   0.0000000000000000e+00	
  -6.0705265122363494e-01	   2.7268264219081670e+00	   0.0000000000000000e+00	
  -6.2859457056262880e-01	   2.7271419333144529e+00	   0.0000000000000000e+00	
  -6.5017519722193950e-01	   2.7272874498283430e+00	   0.0000000000000000e+00	
  -6.7058115147083330e-01	   2.7223419220160108e+00	   0.0000000000000000e+00	
  -6.9219835167148580e-01	   2.7221549893402517e+00	   0.0000000000000000e+00	
  -7.1256469140807233e-01	   2.7168949012807375e+00	   0.0000000000000000e+00	
  -7.3421333973732805e-01	   2.7163744585851166e+00	   0.0000000000000000e+00	
  -7.5453521190393336e-01	   2.7107998896080305e+00	   0.0000000000000000e+00	
  -7.7621015940887816e-01	   2.7099449551364416e+00	   0.0000000000000000e+00	
  -7.9648270447018510e-01	   2.7040560595000365e+00	   0.0000000000000000e+00	
  -8.1817877987841803e-01	   2.7028657310371438e+00	   0.0000000000000000e+00	
  -8.3839713297906782e-01	   2.6966627381396377e+00	   0.0000000000000000e+00	
  -8.6010914392807081e-01	   2.6951361934586902e+00	   0.0000000000000000e+00	
  -8.8026843605513483e-01	   2.6886194080316992e+00	   0.0000000000000000e+00	
  -9.0199117033004961e-01	   2.6867559053233316e+00	   0.0000000000000000e+00	
  -9.2208652948009451e-01	   2.6799257076073064e+00	   0.0000000000000000e+00	
  -9.4381475625959921e-01	   2.6777245858891829e+00	   0.0000000000000000e+00	
  -9.6384130861006179e-01	   2.6705814317907643e+00	   0.0000000000000000e+00	
  -9.8381380553122222e-01	   2.6632885025950417e+00	   0.0000000000000000e+00	
  -1.0055226508046606e+00	   2.6605865325291025e+00	   0.0000000000000000e+00	
  -1.0254191288315313e+00	   2.6529817392102131e+00	   0.0000000000000000e+00	
  -1.0471204178673803e+00	   2.6499411192838811e+00	   0.0000000000000000e+00	
  -1.0669360077563006e+00	   2.6420251059630968e+00	   0.0000000000000000e+00	
  -1.0866917603219783e+00	   2.6339609190788282e+00	   0.0000000000000000e+00	
  -1.1083542932913155e+00	   2.6304189462975058e+00	   0.0000000000000000e+00	
  -1.1280219678874437e+00	   2.6220449104585355e+00	   0.0000000000000000e+00	
  -1.1496638269647916e+00	   2.6181637621166582e+00	   0.0000000000000000e+00	
  -1.1692385662080778e+00	   2.6094807099466859e+00	   0.0000000000000000e+00	
  -1.1887477306600698e+00	   2.6006513094113015e+00	   0.0000000000000000e+00	
  -1.2103313950609800e+00	   2.5962690543736096e+00	   0.0000000000000000e+00	
  -1.2297404673872827e+00	   2.5871322871933708e+00	   0.0000000000000000e+00	
  -1.2490805717742564e+00	   2.5778504250216678e+00	   0.0000000000000000e+00	
  -1.2683506235644617e+00	   2.5684239884162303e+00	   0.0000000000000000e+00	
  -1.2898273157207680e+00	   2.5633803137550761e+00	   0.0000000000000000e+00	
  -1.3089878607320209e+00	   2.5536491375642663e+00	   0.0000000000000000e+00	
  -1.3280749933463030e+00	   2.5437747442284921e+00	   0.0000000000000000e+00	
  -1.3494665357998692e+00	   2.5382321830997130e+00	   0.0000000000000000e+00	
  -1.3684370784065731e+00	   2.5280550842513136e+00	   0.0000000000000000e+00	
  -1.3873308745062682e+00	   2.5177362036576643e+00	   0.0000000000000000e+00	
  -1.4061468644719712e+00	   2.5072761200359404e+00	   0.0000000000000000e+00	
  -1.4273958346075581e+00	   2.5010766576884951e+00	   0.0000000000000000e+00	
  -1.4460859406130564e+00	   2.4903170016386498e+00	   0.0000000000000000e+00	
  -1.4646949453048534e+00	   2.4794176803208599e+00	   0.0000000000000000e+00	
  -1.4832218050280150e+00	   2.4683793050053509e+00	   0.0000000000000000e+00	
  -1.5043080173618604e+00	   2.4615265254298233e+00	   0.0000000000000000e+00	
  -1.5226997824893014e+00	   2.4501919963343335e+00	   0.0000000000000000e+00	
  -1.5410061495437337e+00	   2.4387200523147765e+00	   0.0000000000000000e+00	
  -1.5592260918431502e+00	   2.4271113367559654e+00	   0.0000000000000000e+00	
  -1.5773585875525307e+00	   2.4153665007133132e+00	   0.0000000000000000e+00	
  -1.5982051773352624e+00	   2.4077082772460594e+00	   0.0000000000000000e+00	
  -1.6161912738335247e+00	   2.3956720776360005e+00	   0.0000000000000000e+00	
  -1.6340867289447027e+00	   2.3835015207604178e+00	   0.0000000000000000e+00	
  -1.6518905390320981e+00	   2.3711972891846576e+00	   0.0000000000000000e+00	
  -1.6696017055987713e+00	   2.3587600729709872e+00	   0.0000000000000000e+00	
  -1.6872192353435378e+00	   2.3461905696398984e+00	   0.0000000000000000e+00	
  -1.7047421402166796e+00	   2.3334894841309821e+00	   0.0000000000000000e+00	
  -1.7251893745296156e+00	   2.3247269539365849e+00	   0.0000000000000000e+00	
  -1.7425504773335401e+00	   2.3117421184668956e+00	   0.0000000000000000e+00	
  -1.7598138521055871e+00	   2.2986276328032025e+00	   0.0000000000000000e+00	
  -1.7769785306582271e+00	   2.2853842324495215e+00	   0.0000000000000000e+00	
  -1.7940435503391443e+00	   2.2720126601398323e+00	   0.0000000000000000e+00	
  -1.8110079540852249e+00	   2.2585136657964253e+00	   0.0000000000000000e+00	
  -1.8278707904762286e+00	   2.2448880064878440e+00	   0.0000000000000000e+00	
  -1.8446311137881559e+00	   2.2311364463864209e+00	   0.0000000000000000e+00	
  -1.8612879840462755e+00	   2.2172597567254293e+00	   0.0000000000000000e+00	
  -1.8811276192550237e+00	   2.2071155112671215e+00	   0.0000000000000000e+00	
  -1.8976035774421733e+00	   2.1929661791461048e+00	   0.0000000000000000e+00	
  -1.9139731117034040e+00	   2.1786938581811781e+00	   0.0000000000000000e+00	
  -1.9302353039807405e+00	   2.1642993488116140e+00	   0.0000000000000000e+00	
  -1.9463892422363003e+00	   2.1497834583294200e+00	   0.0000000000000000e+00	
  -1.9624340205034487e+00	   2.1351470008340572e+00	   0.0000000000000000e+00	
  -1.9783687389376063e+00	   2.1203907971867890e+00	   0.0000000000000000e+00	
  -1.9941925038667134e+00	   2.1055156749646406e+00	   0.0000000000000000e+00	
  -2.0099044278413567e+00	   2.0905224684139867e+00	   0.0000000000000000e+00	
  -2.0255036296845312e+00	   2.0754120184037648e+00	   0.0000000000000000e+00	
  -2.0409892345410667e+00	   2.0601851723783158e+00	   0.0000000000000000e+00	
  -2.0563603739266911e+00	   2.0448427843098544e+00	   0.0000000000000000e+00	
  -2.0716161857767337e+00	   2.0293857146505827e+00	   0.0000000000000000e+00	
  -2.0867558144944800e+00	   2.0138148302844234e+00	   0.0000000000000000e+00	
  -2.1017784109991493e+00	   1.9981310044784075e+00	   0.0000000000000000e+00	
  -2.1166831327735176e+00	   1.9823351168337020e+00	   0.0000000000000000e+00	
  -2.1314691439111693e+00	   1.9664280532362699e+00	   0.0000000000000000e+00	
  -2.1461356151633755e+00	   1.9504107058071947e+00	   0.0000000000000000e+00	
  -2.1606817239856029e+00	   1.9342839728526422e+00	   0.0000000000000000e+00	
  -2.1751066545836437e+00	   1.9180487588134851e+00	   0.0000000000000000e+00	
  -2.1894095979593660e+00	   1.9017059742145754e+00	   0.0000000000000000e+00	
  -2.2035897519560921e+00	   1.8852565356136786e+00	   0.0000000000000000e+00	
  -2.2176463213035764e+00	   1.8687013655500750e+00	   0.0000000000000000e+00	
  -2.2276789745865515e+00	   1.8488050666671620e+00	   0.0000000000000000e+00	
  -2.2414618896558567e+00	   1.8320705187217974e+00	   0.0000000000000000e+00	
  -2.2551190960803580e+00	   1.8152332221626151e+00	   0.0000000000000000e+00	
  -2.2686498279184550e+00	   1.7982941212812555e+00	   0.0000000000000000e+00	
  -2.2820533263216602e+00	   1.7812541660788912e+00	   0.0000000000000000e+00	
  -2.2953288395771625e+00	   1.7641143122129346e+00	   0.0000000000000000e+00	
  -2.3084756231499832e+00	   1.7468755209434521e+00	   0.0000000000000000e+00	
  -2.3214929397247306e+00	   1.7295387590792486e+00	   0.0000000000000000e+00	
  -2.3343800592469583e+00	   1.7121049989236428e+00	   0.0000000000000000e+00	
  -2.3430276063926834e+00	   1.6916088711230493e+00	   0.0000000000000000e+00	
  -2.3556300716452592e+00	   1.6740149051728825e+00	   0.0000000000000000e+00	
  -2.3681004253213107e+00	   1.6563270548938855e+00	   0.0000000000000000e+00	
  -2.3804379680418868e+00	   1.6385463122795878e+00	   0.0000000000000000e+00	
  -2.3926420078765216e+00	   1.6206736745332262e+00	   0.0000000000000000e+00	
  -2.4047118603820308e+00	   1.6027101440118281e+00	   0.0000000000000000e+00	
  -2.4124090999000112e+00	   1.5818779286700375e+00	   0.0000000000000000e+00	
  -2.4241878634407863e+00	   1.5637674536964206e+00	   0.0000000000000000e+00	
  -2.4358306704558363e+00	   1.5455692774380774e+00	   0.0000000000000000e+00	
  -2.4473368679777865e+00	   1.5272844205093135e+00	   0.0000000000000000e+00	
  -2.4587058107007720e+00	   1.5089139083857799e+00	   0.0000000000000000e+00	
  -2.4655980563655966e+00	   1.4878405629419615e+00	   0.0000000000000000e+00	
  -2.4766710987549043e+00	   1.4693344019934462e+00	   0.0000000000000000e+00	
  -2.4876052411839296e+00	   1.4507458358801197e+00	   0.0000000000000000e+00	
  -2.4983998704295654e+00	   1.4320759071106506e+00	   0.0000000000000000e+00	
  -2.5046391047302796e+00	   1.4108385809945581e+00	   0.0000000000000000e+00	
  -2.5151343977557197e+00	   1.3920422076190109e+00	   0.0000000000000000e+00	
  -2.5254886336710225e+00	   1.3731677638822239e+00	   0.0000000000000000e+00	
  -2.5357012317761671e+00	   1.3542163083258392e+00	   0.0000000000000000e+00	
  -2.5412838329367342e+00	   1.3328351802758265e+00	   0.0000000000000000e+00	
  -2.5511939443423164e+00	   1.3137665681838633e+00	   0.0000000000000000e+00	
  -2.5609609762983432e+00	   1.2946242756891095e+00	   0.0000000000000000e+00	
  -2.5660448512849032e+00	   1.2731570640586862e+00	   0.0000000000000000e+00	
  -2.5755073492107989e+00	   1.2539046944363275e+00	   0.0000000000000000e+00	
  -2.5848254041104530e+00	   1.2345820016643407e+00	   0.0000000000000000e+00	
  -2.5894095115115578e+00	   1.2130403051777208e+00	   0.0000000000000000e+00	
  -2.5984211501945707e+00	   1.1936146474108418e+00	   0.0000000000000000e+00	
  -2.6072870607691003e+00	   1.1741220477608831e+00	   0.0000000000000000e+00	
  -2.6113706281899023e+00	   1.1525174682950574e+00	   0.0000000000000000e+00	
  -2.6199284059394761e+00	   1.1329290446667908e+00	   0.0000000000000000e+00	
  -2.6283392493820648e+00	   1.1132770826060758e+00	   0.0000000000000000e+00	
  -2.6319217730562068e+00	   1.0916212189669725e+00	   0.0000000000000000e+00	
  -2.6400229329887726e+00	   1.0718805989846181e+00	   0.0000000000000000e+00	
  -2.6432665651447556e+00	   1.0502087239898117e+00	   0.0000000000000000e+00	
  -2.6510572759042215e+00	   1.0303843060876610e+00	   0.0000000000000000e+00	
  -2.6586993065460440e+00	   1.0105021008033821e+00	   0.0000000000000000e+00	
  -2.6614419156839793e+00	   9.8879835226862900e-01	   0.0000000000000000e+00	
  -2.6687722250735622e+00	   9.6883954434399067e-01	   0.0000000000000000e+00	
  -2.6711766479677692e+00	   9.4713287425515946e-01	   0.0000000000000000e+00	
  -2.6781946587865986e+00	   9.2710233296551670e-01	   0.0000000000000000e+00	
  -2.6802614260485660e+00	   9.0539799469392812e-01	   0.0000000000000000e+00	
  -2.6869666367861935e+00	   8.8530058938056178e-01	   0.0000000000000000e+00	
  -2.6935211534896739e+00	   8.6515353346289570e-01	   0.0000000000000000e+00	
  -2.6950883452295336e+00	   8.4344441859924801e-01	   0.0000000000000000e+00	
  -2.7013291805288207e+00	   8.2323771432179949e-01	   0.0000000000000000e+00	
  -2.7025601268049901e+00	   8.0154390549913090e-01	   0.0000000000000000e+00	
  -2.7084869668531217e+00	   7.8128242129577041e-01	   0.0000000000000000e+00	
  -2.7093824801696491e+00	   7.5960911240689133e-01	   0.0000000000000000e+00	
  -2.7101055527475535e+00	   7.3796628446943746e-01	   0.0000000000000000e+00	
  -2.7155560593495753e+00	   7.1765007669236314e-01	   0.0000000000000000e+00	
  -2.7159453421348752e+00	   6.9603557352311451e-01	   0.0000000000000000e+00	
  -2.7210816731030469e+00	   6.7567680837549626e-01	   0.0000000000000000e+00	
  -2.7211381789005604e+00	   6.5409576509304035e-01	   0.0000000000000000e+00	
  -2.7259602842470212e+00	   6.3369928774680306e-01	   0.0000000000000000e+00	
  -2.7256851046785693e+00	   6.1215681545460165e-01	   0.0000000000000000e+00	
  -2.7252404276030004e+00	   5.9065406695094935e-01	   0.0000000000000000e+00	
  -2.7295873139588802e+00	   5.7022864758114888e-01	   0.0000000000000000e+00	
  -2.7288130136280948e+00	   5.4877214821533737e-01	   0.0000000000000000e+00	
  -2.7328461533227486e+00	   5.2832114880248482e-01	   0.0000000000000000e+00	
  -2.7317435170604516e+00	   5.0691594020967712e-01	   0.0000000000000000e+00	
  -2.7304738274989799e+00	   4.8555692838552689e-01	   0.0000000000000000e+00	
  -2.7340335127220445e+00	   4.6509526408347329e-01	   0.0000000000000000e+00	
  -2.7324378423211435e+00	   4.4379510093425523e-01	   0.0000000000000000e+00	
  -2.7306767596409829e+00	   4.2254496684063125e-01	   0.0000000000000000e+00	
  -2.7337645534401962e+00	   4.0208354977498628e-01	   0.0000000000000000e+00	
  -2.7316800182996048e+00	   3.8089974223456613e-01	   0.0000000000000000e+00	
  -2.7294317994826387e+00	   3.5976974557724767e-01	   0.0000000000000000e+00	
  -2.7270205863285475e+00	   3.3869482123325428e-01	   0.0000000000000000e+00	
  -2.7294805433462366e+00	   3.1826313591783606e-01	   0.0000000000000000e+00	
  -2.7267497023956131e+00	   2.9726439996681092e-01	   0.0000000000000000e+00	
  -2.7238577104948969e+00	   2.7632444566861430e-01	   0.0000000000000000e+00	
  -2.7208052951235353e+00	   2.5544450689098241e-01	   0.0000000000000000e+00	
  -2.7175931931876844e+00	   2.3462580990077142e-01	   0.0000000000000000e+00	
  -2.7192740596534666e+00	   2.1426764297808376e-01	   0.0000000000000000e+00	
  -2.7157476720595293e+00	   1.9353723356389019e-01	   0.0000000000000000e+00	
  -2.7120635809594207e+00	   1.7287167821441934e-01	   0.0000000000000000e+00	
  -2.7082225600867837e+00	   1.5227217420457007e-01	   0.0000000000000000e+00	
  -2.7042253922471877e+00	   1.3173991085673756e-01	   0.0000000000000000e+00	
  -2.7000728692424052e+00	   1.1127606947221297e-01	   0.0000000000000000e+00	
  -2.6957657917941704e+00	   9.0881823263257736e-02	   0.0000000000000000e+00	
  -2.6913049694674265e+00	   7.0558337285869868e-02	   0.0000000000000000e+00	
  -2.6866912205930666e+00	   5.0306768373259897e-02	   0.0000000000000000e+00	
  -2.6869926200277940e+00	   3.0185189616680843e-02	   0.0000000000000000e+00	
  -2.6820757919294613e+00	   1.0042942770556434e-02	   0.0000000000000000e+00	
  -2.6770082598877760e+00	  -1.0023967566934019e-02	   0.0000000000000000e+00	
  -2.6717908765149390e+00	  -3.0014415976656876e-02	   0.0000000000000000e+00	
  -2.6664245028113740e+00	  -4.9927285584424649e-02	   0.0000000000000000e+00	
  -2.6609100080855632e+00	  -6.9761468123399256e-02	   0.0000000000000000e+00	
  -2.6552482698734163e+00	  -8.9515863995773881e-02	   0.0000000000000000e+00	
  -2.6494401738571867e+00	  -1.0918938233371665e-01	   0.0000000000000000e+00	
  -2.6434866137839363e+00	  -1.2878094105960594e-01	   0.0000000000000000e+00	
  -2.6373884913835548e+00	  -1.4828946694551415e-01	   0.0000000000000000e+00	
  -2.6311467162863398e+00	  -1.6771389567197023e-01	   0.0000000000000000e+00	
  -2.6247622059401503e+00	  -1.8705317188598344e-01	   0.0000000000000000e+00	
  -2.6182358855271302e+00	  -2.0630624925831351e-01	   0.0000000000000000e+00	
  -2.6115686878800153e+00	  -2.2547209054001555e-01	   0.0000000000000000e+00	
  -2.6047615533980291e+00	  -2.4454966761821831e-01	   0.0000000000000000e+00	
  -2.5978154299623712e+00	  -2.6353796157116482e-01	   0.0000000000000000e+00	
  -2.5907312728513063e+00	  -2.8243596272250021e-01	   0.0000000000000000e+00	
  -2.5835100446548651e+00	  -3.0124267069478972e-01	   0.0000000000000000e+00	
  -2.5761527151891515e+00	  -3.1995709446229725e-01	   0.0000000000000000e+00	
  -2.5686602614102778e+00	  -3.3857825240298345e-01	   0.0000000000000000e+00	
  -2.5610336673279241e+00	  -3.5710517234975120e-01	   0.0000000000000000e+00	
  -2.5532739239185300e+00	  -3.7553689164092435e-01	   0.0000000000000000e+00	
  -2.5453820290381284e+00	  -3.9387245716994412e-01	   0.0000000000000000e+00	
  -2.5373589873348279e+00	  -4.1211092543431144e-01	   0.0000000000000000e+00	
  -2.5292058101609460e+00	  -4.3025136258373692e-01	   0.0000000000000000e+00	
  -2.5209235154848058e+00	  -4.4829284446752449e-01	   0.0000000000000000e+00	
  -2.5125131278021957e+00	  -4.6623445668117680e-01	   0.0000000000000000e+00	
  -2.5039756780475098e+00	  -4.8407529461220511e-01	   0.0000000000000000e+00	
  -2.4953122035045596e+00	  -5.0181446348517444e-01	   0.0000000000000000e+00	
  -2.4865237477170852e+00	  -5.1945107840594351e-01	   0.0000000000000000e+00	
  -2.4776113603989476e+00	  -5.3698426440512770e-01	   0.0000000000000000e+00	
  -2.4685760973440325e+00	  -5.5441315648077294e-01	   0.0000000000000000e+00	
  -2.4594190203358566e+00	  -5.7173689964022278e-01	   0.0000000000000000e+00	
  -2.4501411970568903e+00	  -5.8895464894121052e-01	   0.0000000000000000e+00	
  -2.4407437009976003e+00	  -6.0606556953213575e-01	   0.0000000000000000e+00	
  -2.4312276113652231e+00	  -6.2306883669155533e-01	   0.0000000000000000e+00	
  -2.4215940129922724e+00	  -6.3996363586687277e-01	   0.0000000000000000e+00	
  -2.4118439962447855e+00	  -6.5674916271221506e-01	   0.0000000000000000e+00	
  -2.4019786569303263e+00	  -6.7342462312552342e-01	   0.0000000000000000e+00	
  -2.3919990962057351e+00	  -6.8998923328481931e-01	   0.0000000000000000e+00	
  -2.3819064204846474e+00	  -7.0644221968367782e-01	   0.0000000000000000e+00	
  -2.3717017413447796e+00	  -7.2278281916589138e-01	   0.0000000000000000e+00	
  -2.3613861754349927e+00	  -7.3901027895931237e-01	   0.0000000000000000e+00	
  -2.3509608443821381e+00	  -7.5512385670889715e-01	   0.0000000000000000e+00	
  -2.3404268746976946e+00	  -7.7112282050893455e-01	   0.0000000000000000e+00	
  -2.3297853976842022e+00	  -7.8700644893445215e-01	   0.0000000000000000e+00	
  -2.3190375493415010e+00	  -8.0277403107182188e-01	   0.0000000000000000e+00	
  -2.3081844702727810e+00	  -8.1842486654853386e-01	   0.0000000000000000e+00	
  -2.2972273055904511e+00	  -8.3395826556216424e-01	   0.0000000000000000e+00	
  -2.2861672048218282e+00	  -8.4937354890852368e-01	   0.0000000000000000e+00	
  -2.2750053218146693e+00	  -8.6467004800897551e-01	   0.0000000000000000e+00	
  -2.2637428146425287e+00	  -8.7984710493695151e-01	   0.0000000000000000e+00	
  -2.2523808455099750e+00	  -8.9490407244362857e-01	   0.0000000000000000e+00	
  -2.2409205806576504e+00	  -9.0984031398279364e-01	   0.0000000000000000e+00	
  -2.2293631902671973e+00	  -9.2465520373488885e-01	   0.0000000000000000e+00	
  -2.2177098483660482e+00	  -9.3934812663021838e-01	   0.0000000000000000e+00	
  -2.2059617327320908e+00	  -9.5391847837135169e-01	   0.0000000000000000e+00	
  -2.1941200247982149e+00	  -9.6836566545468261e-01	   0.0000000000000000e+00	
  -2.1821859095567473e+00	  -9.8268910519117414e-01	   0.0000000000000000e+00	
  -2.1701605754637785e+00	  -9.9688822572628100e-01	   0.0000000000000000e+00	
  -2.1580452143433995e+00	  -1.0109624660590315e+00	   0.0000000000000000e+00	
  -2.1458410212918366e+00	  -1.0249112760603014e+00	   0.0000000000000000e+00	
  -2.1335491945815139e+00	  -1.0387341164902426e+00	   0.0000000000000000e+00	
  -2.1211709355650297e+00	  -1.0524304590148994e+00	   0.0000000000000000e+00	
  -2.1087074485790689e+00	  -1.0659997862219959e+00	   0.0000000000000000e+00	
  -2.0961599408482492e+00	  -1.0794415916358822e+00	   0.0000000000000000e+00	
  -2.0835296223889119e+00	  -1.0927553797316760e+00	   0.0000000000000000e+00	
  -2.0708177059128672e+00	  -1.1059406659485553e+00	   0.0000000000000000e+00	
  -2.0580254067310930e+00	  -1.1189969767022379e+00	   0.0000000000000000e+00	
  -2.0451539426574010e+00	  -1.1319238493966315e+00	   0.0000000000000000e+00	
  -2.0322045339120756e+00	  -1.1447208324346492e+00	   0.0000000000000000e+00	
  -2.0191784030254900e+00	  -1.1573874852282111e+00	   0.0000000000000000e+00	
  -2.0060767747417092e+00	  -1.1699233782074077e+00	   0.0000000000000000e+00	
  -1.9929008759220892e+00	  -1.1823280928288418e+00	   0.0000000000000000e+00	
  -1.9796519354488673e+00	  -1.1946012215831516e+00	   0.0000000000000000e+00	
  -1.9663311841287714e+00	  -1.2067423680016960e+00	   0.0000000000000000e+00	
  -1.9529398545966312e+00	  -1.2187511466624266e+00	   0.0000000000000000e+00	
  -1.9394791812190222e+00	  -1.2306271831949276e+00	   0.0000000000000000e+00	
  -1.9259503999979264e+00	  -1.2423701142846371e+00	   0.0000000000000000e+00	
  -1.9123547484744319e+00	  -1.2539795876762481e+00	   0.0000000000000000e+00	
  -1.8986934656324801e+00	  -1.2654552621762785e+00	   0.0000000000000000e+00	
  -1.8849677918026513e+00	  -1.2767968076548295e+00	   0.0000000000000000e+00	
  -1.8711789685660096e+00	  -1.2880039050465220e+00	   0.0000000000000000e+00	
  -1.8573282386580163e+00	  -1.2990762463506054e+00	   0.0000000000000000e+00	
  -1.8434168458724998e+00	  -1.3100135346302637e+00	   0.0000000000000000e+00	
  -1.8294460349657156e+00	  -1.3208154840110877e+00	   0.0000000000000000e+00	
  -1.8154170515604775e+00	  -1.3314818196787437e+00	   0.0000000000000000e+00	
  -1.8013311420503832e+00	  -1.3420122778758226e+00	   0.0000000000000000e+00	
  -1.7871895535041413e+00	  -1.3524066058978714e+00	   0.0000000000000000e+00	
  -1.7729935335699893e+00	  -1.3626645620886235e+00	   0.0000000000000000e+00	
  -1.7587443303802364e+00	  -1.3727859158344027e+00	   0.0000000000000000e+00	
  -1.7444431924559110e+00	  -1.3827704475577305e+00	   0.0000000000000000e+00	
  -1.7300913686115387e+00	  -1.3926179487101216e+00	   0.0000000000000000e+00	
  -1.7156901078600495e+00	  -1.4023282217640647e+00	   0.0000000000000000e+00	
  -1.7012406593178195e+00	  -1.4119010802042138e+00	   0.0000000000000000e+00	
  -1.6867442721098613e+00	  -1.4213363485177588e+00	   0.0000000000000000e+00	
  -1.6722021952751611e+00	  -1.4306338621840053e+00	   0.0000000000000000e+00	
  -1.6576156776721716e+00	  -1.4397934676631554e+00	   0.0000000000000000e+00	
  -1.6429859678844765e+00	  -1.4488150223842775e+00	   0.0000000000000000e+00	
  -1.6283143141266154e+00	  -1.4576983947324957e+00	   0.0000000000000000e+00	
  -1.6136019641500958e+00	  -1.4664434640353721e+00	   0.0000000000000000e+00	
  -1.5988501651495828e+00	  -1.4750501205485020e+00	   0.0000000000000000e+00	
  -1.5840601636692770e+00	  -1.4835182654403194e+00	   0.0000000000000000e+00	
  -1.5692332055095000e+00	  -1.4918478107761084e+00	   0.0000000000000000e+00	
  -1.5543705356334696e+00	  -1.5000386795012350e+00	   0.0000000000000000e+00	
  -1.5394733980742992e+00	  -1.5080908054235866e+00	   0.0000000000000000e+00	
  -1.5245430358422021e+00	  -1.5160041331952370e+00	   0.0000000000000000e+00	
  -1.5095806908319238e+00	  -1.5237786182933277e+00	   0.0000000000000000e+00	
  -1.4945876037304080e+00	  -1.5314142270001685e+00	   0.0000000000000000e+00	
  -1.4795650139246892e+00	  -1.5389109363825704e+00	   0.0000000000000000e+00	
  -1.4645141594100375e+00	  -1.5462687342703980e+00	   0.0000000000000000e+00	
  -1.4494362766983466e+00	  -1.5534876192343565e+00	   0.0000000000000000e+00	
  -1.4343326007267752e+00	  -1.5605676005630096e+00	   0.0000000000000000e+00	
  -1.4192043647666590e+00	  -1.5675086982390305e+00	   0.0000000000000000e+00	
  -1.4040528003326820e+00	  -1.5743109429146922e+00	   0.0000000000000000e+00	
  -1.3888791370923232e+00	  -1.5809743758865979e+00	   0.0000000000000000e+00	
  -1.3736846027755900e+00	  -1.5874990490696521e+00	   0.0000000000000000e+00	
  -1.3584704230850293e+00	  -1.5938850249702801e+00	   0.0000000000000000e+00	
  -1.3432378216060412e+00	  -1.6001323766588931e+00	   0.0000000000000000e+00	
  -1.3279880197174854e+00	  -1.6062411877416067e+00	   0.0000000000000000e+00	
  -1.3127222365025919e+00	  -1.6122115523312162e+00	   0.0000000000000000e+00	
  -1.2974416886601932e+00	  -1.6180435750174180e+00	   0.0000000000000000e+00	
  -1.2821475904162585e+00	  -1.6237373708363092e+00	   0.0000000000000000e+00	
  -1.2668411534357689e+00	  -1.6292930652391329e+00	   0.0000000000000000e+00	
  -1.2515235867349104e+00	  -1.6347107940603007e+00	   0.0000000000000000e+00	
  -1.2361960965936039e+00	  -1.6399907034846841e+00	   0.0000000000000000e+00	
  -1.2208598864683851e+00	  -1.6451329500141731e+00	   0.0000000000000000e+00	
  -1.2055161569056225e+00	  -1.6501377004335178e+00	   0.0000000000000000e+00	
  -1.1901661054550974e+00	  -1.6550051317754442e+00	   0.0000000000000000e+00	
  -1.1748109265839379e+00	  -1.6597354312850563e+00	   0.0000000000000000e+00	
  -1.1594518115909185e+00	  -1.6643287963835263e+00	   0.0000000000000000e+00	
  -1.1440899485211398e+00	  -1.6687854346310664e+00	   0.0000000000000000e+00	
  -1.1287265220810705e+00	  -1.6731055636892060e+00	   0.0000000000000000e+00	
  -1.1133627135539892e+00	  -1.6772894112823555e+00	   0.0000000000000000e+00	
  -1.0979997007158031e+00	  -1.6813372151586761e+00	   0.0000000000000000e+00	
  -1.0826386577512634e+00	  -1.6852492230502540e+00	   0.0000000000000000e+00	
  -1.0672807551705874e+00	  -1.6890256926325784e+00	   0.0000000000000000e+00	
  -1.0519271597264770e+00	  -1.6926668914833389e+00	   0.0000000000000000e+00	
  -1.0365790343315591e+00	  -1.6961730970405295e+00	   0.0000000000000000e+00	
  -1.0212375379762344e+00	  -1.6995445965598781e+00	   0.0000000000000000e+00	
  -1.0059038256469510e+00	  -1.7027816870715995e+00	   0.0000000000000000e+00	
  -9.9057904824491305e-01	  -1.7058846753364703e+00	   0.0000000000000000e+00	
  -9.7526435250521104e-01	  -1.7088538778012430e+00	   0.0000000000000000e+00	
  -9.5996088091640353e-01	  -1.7116896205533882e+00	   0.0000000000000000e+00	
  -9.4466977164053634e-01	  -1.7143922392751798e+00	   0.0000000000000000e+00	
  -9.2939215843360989e-01	  -1.7169620791971258e+00	   0.0000000000000000e+00	
  -9.1412917056651211e-01	  -1.7193994950507399e+00	   0.0000000000000000e+00	
  -8.9888193274639705e-01	  -1.7217048510206738e+00	   0.0000000000000000e+00	
  -8.8365156503854536e-01	  -1.7238785206961982e+00	   0.0000000000000000e+00	
  -8.6843918278868359e-01	  -1.7259208870220484e+00	   0.0000000000000000e+00	
  -8.5324589654578253e-01	  -1.7278323422486355e+00	   0.0000000000000000e+00	
  -8.3807281198534511e-01	  -1.7296132878816217e+00	   0.0000000000000000e+00	
  -8.2292102983316939e-01	  -1.7312641346308748e+00	   0.0000000000000000e+00	
  -8.0779164578960772e-01	  -1.7327853023587994e+00	   0.0000000000000000e+00	
  -7.9268575045432854e-01	  -1.7341772200280463e+00	   0.0000000000000000e+00	
  -7.7760442925156781e-01	  -1.7354403256486171e+00	   0.0000000000000000e+00	
  -7.6254876235589997e-01	  -1.7365750662243524e+00	   0.0000000000000000e+00	
  -7.4751982461851074e-01	  -1.7375818976988213e+00	   0.0000000000000000e+00	
  -7.3251868549398824e-01	  -1.7384612849006122e+00	   0.0000000000000000e+00	
  -7.1754640896764310e-01	  -1.7392137014880240e+00	   0.0000000000000000e+00	
  -7.0260405348334054e-01	  -1.7398396298931753e+00	   0.0000000000000000e+00	
  -6.8769267187187766e-01	  -1.7403395612655228e+00	   0.0000000000000000e+00	
  -6.7281331127988819e-01	  -1.7407139954148021e+00	   0.0000000000000000e+00	
  -6.5796701309928451e-01	  -1.7409634407533943e+00	   0.0000000000000000e+00	
  -6.4315481289725607e-01	  -1.7410884142381198e+00	   0.0000000000000000e+00	
  -6.2837774034680260e-01	  -1.7410894413114706e+00	   0.0000000000000000e+00	
  -6.1363681915783508e-01	  -1.7409670558422774e+00	   0.0000000000000000e+00	
  -5.9893306700882532e-01	  -1.7407218000658260e+00	   0.0000000000000000e+00	
  -5.8426749547901891e-01	  -1.7403542245234216e+00	   0.0000000000000000e+00	
  -5.6964110998122519e-01	  -1.7398648880014063e+00	   0.0000000000000000e+00	
  -5.5505490969516302e-01	  -1.7392543574696397e+00	   0.0000000000000000e+00	
  -5.4050988750139883e-01	  -1.7385232080194413e+00	   0.0000000000000000e+00	
  -5.2600702991585335e-01	  -1.7376720228010063e+00	   0.0000000000000000e+00	
  -5.1154731702489475e-01	  -1.7367013929602944e+00	   0.0000000000000000e+00	
  -4.9713172242102688e-01	  -1.7356119175754006e+00	   0.0000000000000000e+00	
  -4.8276121313915965e-01	  -1.7344042035924114e+00	   0.0000000000000000e+00	
  -4.6843674959348747e-01	  -1.7330788657607528e+00	   0.0000000000000000e+00	
  -4.5415928551496015e-01	  -1.7316365265680329e+00	   0.0000000000000000e+00	
  -4.3992976788935900e-01	  -1.7300778161743915e+00	   0.0000000000000000e+00	
  -4.2574913689598948e-01	  -1.7284033723463503e+00	   0.0000000000000000e+00	
  -4.1161832584697794e-01	  -1.7266138403901814e+00	   0.0000000000000000e+00	
  -3.9753826112718693e-01	  -1.7247098730847921e+00	   0.0000000000000000e+00	
  -3.8350986213475219e-01	  -1.7226921306141330e+00	   0.0000000000000000e+00	
  -3.6953404122225003e-01	  -1.7205612804991355e+00	   0.0000000000000000e+00	
  -3.5561170363847494e-01	  -1.7183179975291860e+00	   0.0000000000000000e+00	
  -3.4174374747086533e-01	  -1.7159629636931391e+00	   0.0000000000000000e+00	
  -3.2793106358856322e-01	  -1.7134968681098752e+00	   0.0000000000000000e+00	
  -3.1417453558609770e-01	  -1.7109204069584145e+00	   0.0000000000000000e+00	
  -3.0047503972772771e-01	  -1.7082342834075834e+00	   0.0000000000000000e+00	
  -2.8683344489241974e-01	  -1.7054392075452480e+00	   0.0000000000000000e+00	
  -2.7325061251948496e-01	  -1.7025358963071127e+00	   0.0000000000000000e+00	
  -2.5972739655485183e-01	  -1.6995250734050971e+00	   0.0000000000000000e+00	
  -2.4626464339800952e-01	  -1.6964074692552911e+00	   0.0000000000000000e+00	
  -2.3286319184961016e-01	  -1.6931838209054955e+00	   0.0000000000000000e+00	
  -2.1952387305971835e-01	  -1.6898548719623578e+00	   0.0000000000000000e+00	
  -2.0624751047674095e-01	  -1.6864213725181030e+00	   0.0000000000000000e+00	
  -1.9303491979702531e-01	  -1.6828840790768669e+00	   0.0000000000000000e+00	
  -1.7988690891511391e-01	  -1.6792437544806444e+00	   0.0000000000000000e+00	
  -1.6680427787469052e-01	  -1.6755011678348477e+00	   0.0000000000000000e+00	
  -1.5378781882019329e-01	  -1.6716570944334896e+00	   0.0000000000000000e+00	
  -1.4083831594911894e-01	  -1.6677123156839924e+00	   0.0000000000000000e+00	
  -1.2795654546499266e-01	  -1.6636676190316304e+00	   0.0000000000000000e+00	
  -1.1514327553103994e-01	  -1.6595237978836150e+00	   0.0000000000000000e+00	
  -1.0239926622454656e-01	  -1.6552816515328193e+00	   0.0000000000000000e+00	
  -8.9725269491895507e-02	  -1.6509419850811606e+00	   0.0000000000000000e+00	
  -7.7122029104312859e-02	  -1.6465056093626360e+00	   0.0000000000000000e+00	
  -6.4590280614310408e-02	  -1.6419733408660253e+00	   0.0000000000000000e+00	
  -5.2130751312812744e-02	  -1.6373460016572605e+00	   0.0000000000000000e+00	
  -3.9744160187001082e-02	  -1.6326244193014736e+00	   0.0000000000000000e+00	
  -2.7431217878861172e-02	  -1.6278094267847258e+00	   0.0000000000000000e+00	
  -1.5192626644423245e-02	  -1.6229018624354257e+00	   0.0000000000000000e+00	
  -3.0290803137271640e-03	  -1.6179025698454408e+00	   0.0000000000000000e+00	
   9.0587357485108159e-03	  -1.6128123977909117e+00	   0.0000000000000000e+00	
   2.1070144681508283e-02	  -1.6076322001527705e+00	   0.0000000000000000e+00	
   3.3004478166327164e-02	  -1.6023628358369759e+00	   0.0000000000000000e+00	
   4.4861076463052062e-02	  -1.5970051686944653e+00	   0.0000000000000000e+00	
   5.6639288447248810e-02	  -1.5915600674408328e+00	   0.0000000000000000e+00	
   6.8338471645715340e-02	  -1.5860284055757412e+00	   0.0000000000000000e+00	
   7.9957992271494624e-02	  -1.5804110613020703e+00	   0.0000000000000000e+00	
   9.1497225258161702e-02	  -1.5747089174448117e+00	   0.0000000000000000e+00	
   1.0295555429339752e-01	  -1.5689228613697122e+00	   0.0000000000000000e+00	
   1.1470206048682004e-01	  -1.5681078497375311e+00	   0.0000000000000000e+00	
   1.2603460651695816e-01	  -1.5621537388198503e+00	   0.0000000000000000e+00	
   1.3728442965251259e-01	  -1.5561181209233912e+00	   0.0000000000000000e+00	
   1.4845094679776177e-01	  -1.5500019009377224e+00	   0.0000000000000000e+00	
   1.5953358376933269e-01	  -1.5438059878987596e+00	   0.0000000000000000e+00	
   1.7109040747876064e-01	  -1.5425679774619669e+00	   0.0000000000000000e+00	
   1.8204130053159417e-01	  -1.5362110968587190e+00	   0.0000000000000000e+00	
   1.9290661117936514e-01	  -1.5297769921283464e+00	   0.0000000000000000e+00	
   2.0435743831914341e-01	  -1.5282894502304185e+00	   0.0000000000000000e+00	
   2.1508756864084408e-01	  -1.5216985055033359e+00	   0.0000000000000000e+00	
   2.2573048288328706e-01	  -1.5150328415474221e+00	   0.0000000000000000e+00	
   2.3628566581532517e-01	  -1.5082933947071944e+00	   0.0000000000000000e+00	
   2.4757438957124808e-01	  -1.5064815969720864e+00	   0.0000000000000000e+00	
   2.5799002551550165e-01	  -1.4995911129774422e+00	   0.0000000000000000e+00	
   2.6831639114563499e-01	  -1.4926293957678740e+00	   0.0000000000000000e+00	
   2.7948691171500595e-01	  -1.4905781646890561e+00	   0.0000000000000000e+00	
   2.8967057787363826e-01	  -1.4834697014585825e+00	   0.0000000000000000e+00	
   3.0077190426211331e-01	  -1.4812588094042869e+00	   0.0000000000000000e+00	
   3.1081080012678775e-01	  -1.4740063113166748e+00	   0.0000000000000000e+00	
   3.2075799750025663e-01	  -1.4666868061192049e+00	   0.0000000000000000e+00	
   3.3173276793150586e-01	  -1.4642435763509534e+00	   0.0000000000000000e+00	
   3.4153224286449135e-01	  -1.4567844345332177e+00	   0.0000000000000000e+00	
   3.5243227359508017e-01	  -1.4541859076964401e+00	   0.0000000000000000e+00	
   3.6208208309881423e-01	  -1.4465899103080431e+00	   0.0000000000000000e+00	
   3.7290519254061449e-01	  -1.4438377751265741e+00	   0.0000000000000000e+00	
   3.8240344376303020e-01	  -1.4361077299695797e+00	   0.0000000000000000e+00	
   3.9314748411587053e-01	  -1.4332037055539473e+00	   0.0000000000000000e+00	
   4.0249233470523399e-01	  -1.4253424463053901e+00	   0.0000000000000000e+00	
   4.1315519237587978e-01	  -1.4222882815200137e+00	   0.0000000000000000e+00	
   4.2234485082938439e-01	  -1.4142986668495492e+00	   0.0000000000000000e+00	
   4.3292444683913639e-01	  -1.4110961396742374e+00	   0.0000000000000000e+00	
   4.4195717283641678e-01	  -1.4029810523571784e+00	   0.0000000000000000e+00	
   4.5245146321726376e-01	  -1.3996319692431187e+00	   0.0000000000000000e+00	
   4.6132556793874241e-01	  -1.3913943152691193e+00	   0.0000000000000000e+00	
   4.7173254411801063e-01	  -1.3879005104895572e+00	   0.0000000000000000e+00	
   4.8044639054804283e-01	  -1.3795432181671932e+00	   0.0000000000000000e+00	
   4.9076407972143649e-01	  -1.3759065531630084e+00	   0.0000000000000000e+00	
   4.9931608293619462e-01	  -1.3674325722205141e+00	   0.0000000000000000e+00	
   5.0954254842920443e-01	  -1.3636549349408844e+00	   0.0000000000000000e+00	
   5.1974043707978479e-01	  -1.3598008193527722e+00	   0.0000000000000000e+00	
   5.2806451748682914e-01	  -1.3511505398616692e+00	   0.0000000000000000e+00	
   5.3816824348829195e-01	  -1.3471580670796595e+00	   0.0000000000000000e+00	
   5.4632664357881366e-01	  -1.3383982967501906e+00	   0.0000000000000000e+00	
   5.5633435812633847e-01	  -1.3342694196435958e+00	   0.0000000000000000e+00	
   5.6631087159097315e-01	  -1.3300657122660426e+00	   0.0000000000000000e+00	
   5.7423556501123119e-01	  -1.3211398732977007e+00	   0.0000000000000000e+00	
   5.8411325158372740e-01	  -1.3168024750375880e+00	   0.0000000000000000e+00	
   5.9395817914050975e-01	  -1.3123912261109196e+00	   0.0000000000000000e+00	
   6.0164583988551279e-01	  -1.3033053899544502e+00	   0.0000000000000000e+00	
   6.1138919845249928e-01	  -1.2987632209727360e+00	   0.0000000000000000e+00	
   6.2109826827786752e-01	  -1.2941482130258881e+00	   0.0000000000000000e+00	
   6.2854572499700567e-01	  -1.2849085163547598e+00	   0.0000000000000000e+00	
   6.3815055822683886e-01	  -1.2801654146428796e+00	   0.0000000000000000e+00	
   6.4771960184890542e-01	  -1.2753505169927586e+00	   0.0000000000000000e+00	
   6.5725231919938421e-01	  -1.2704640934398863e+00	   0.0000000000000000e+00	
   6.6438605410361962e-01	  -1.2610230462148042e+00	   0.0000000000000000e+00	
   6.7381100813667083e-01	  -1.2560122122360458e+00	   0.0000000000000000e+00	
   6.8319817260520876e-01	  -1.2509309369110451e+00	   0.0000000000000000e+00	
   6.9008477754835984e-01	  -1.2413503294435526e+00	   0.0000000000000000e+00	
   6.9936168535693888e-01	  -1.2361475938043516e+00	   0.0000000000000000e+00	
   7.0859937063396561e-01	  -1.2308755308928412e+00	   0.0000000000000000e+00	
   7.1779731529929403e-01	  -1.2255344363838627e+00	   0.0000000000000000e+00	
   7.2695500350156805e-01	  -1.2201246098237759e+00	   0.0000000000000000e+00	
   7.3344559461938641e-01	  -1.2103124594378298e+00	   0.0000000000000000e+00	
   7.4248884925278325e-01	  -1.2047858724571399e+00	   0.0000000000000000e+00	
   7.5149046263970098e-01	  -1.1991917170738806e+00	   0.0000000000000000e+00	
   7.6044992993969363e-01	  -1.1935303070269097e+00	   0.0000000000000000e+00	
   7.6936674867600963e-01	  -1.1878019598269485e+00	   0.0000000000000000e+00	
   7.7545369012173826e-01	  -1.1777744579583838e+00	   0.0000000000000000e+00	
   7.8425209528613937e-01	  -1.1719341920013622e+00	   0.0000000000000000e+00	
   7.9300651698219127e-01	  -1.1660282000733768e+00	   0.0000000000000000e+00	
   8.0171646423277876e-01	  -1.1600568134021183e+00	   0.0000000000000000e+00	
   8.1038144855506522e-01	  -1.1540203668828293e+00	   0.0000000000000000e+00	
   8.1900098398788401e-01	  -1.1479191990595259e+00	   0.0000000000000000e+00	
   8.2460055290557799e-01	  -1.1376505603998337e+00	   0.0000000000000000e+00	
   8.3309709894814588e-01	  -1.1314433671883115e+00	   0.0000000000000000e+00	
   8.4154692213194837e-01	  -1.1251727188660792e+00	   0.0000000000000000e+00	
   8.4994954856277249e-01	  -1.1188389671119701e+00	   0.0000000000000000e+00	
   8.5830450699335303e-01	  -1.1124424671438689e+00	   0.0000000000000000e+00	
   8.6661132884980718e-01	  -1.1059835776987883e+00	   0.0000000000000000e+00	
   8.7486954825791274e-01	  -1.0994626610127498e+00	   0.0000000000000000e+00	
   8.8307870206923056e-01	  -1.0928800828004708e+00	   0.0000000000000000e+00	
   8.8802395745421681e-01	  -1.0823185533785100e+00	   0.0000000000000000e+00	
   8.9610435312307457e-01	  -1.0756379448094400e+00	   0.0000000000000000e+00	
   9.0413449227659493e-01	  -1.0688970108835292e+00	   0.0000000000000000e+00	
   9.1211392455784268e-01	  -1.0620961296547924e+00	   0.0000000000000000e+00	
   9.2004220245369073e-01	  -1.0552356825392901e+00	   0.0000000000000000e+00	
   9.2791888131992206e-01	  -1.0483160542937344e+00	   0.0000000000000000e+00	
   9.3574351940616152e-01	  -1.0413376329939152e+00	   0.0000000000000000e+00	
   9.4351567788065738e-01	  -1.0343008100129301e+00	   0.0000000000000000e+00	
   9.5123492085488892e-01	  -1.0272059799992370e+00	   0.0000000000000000e+00	
   9.5890081540801064e-01	  -1.0200535408545239e+00	   0.0000000000000000e+00	
   9.6651293161113594e-01	  -1.0128438937113891e+00	   0.0000000000000000e+00	
   9.7407084255144794e-01	  -1.0055774429108442e+00	   0.0000000000000000e+00	
   9.8157412435613822e-01	  -9.9825459597964294e-01	   0.0000000000000000e+00	
   9.8902235621618506e-01	  -9.9087576360741880e-01	   0.0000000000000000e+00	
   9.9641512040995073e-01	  -9.8344135962365486e-01	   0.0000000000000000e+00	
   1.0037520023266062e+00	  -9.7595180097447853e-01	   0.0000000000000000e+00	
   1.0110325904893898e+00	  -9.6840750769927109e-01	   0.0000000000000000e+00	
   1.0182564765786786e+00	  -9.6080890290711540e-01	   0.0000000000000000e+00	
   1.0254232554548937e+00	  -9.5315641275306318e-01	   0.0000000000000000e+00	
   1.0325325251812145e+00	  -9.4545046641424024e-01	   0.0000000000000000e+00	
   1.0395838870461283e+00	  -9.3769149606577040e-01	   0.0000000000000000e+00	
   1.0465769455857883e+00	  -9.2987993685653947e-01	   0.0000000000000000e+00	
   1.0535113086061887e+00	  -9.2201622688479601e-01	   0.0000000000000000e+00	
   1.0603865872051677e+00	  -9.1410080717357278e-01	   0.0000000000000000e+00	
   1.0672023957942134e+00	  -9.0613412164595752e-01	   0.0000000000000000e+00	
   1.0778457496301757e+00	  -9.0136752184356272e-01	   0.0000000000000000e+00	
   1.0845657112532823e+00	  -8.9327044471643768e-01	   0.0000000000000000e+00	
   1.0912248468206842e+00	  -8.8512327000899427e-01	   0.0000000000000000e+00	
   1.0978227828658902e+00	  -8.7692645464191177e-01	   0.0000000000000000e+00	
   1.1043591493546805e+00	  -8.6868045831988605e-01	   0.0000000000000000e+00	
   1.1108335797058628e+00	  -8.6038574350584129e-01	   0.0000000000000000e+00	
   1.1172457108118297e+00	  -8.5204277539499751e-01	   0.0000000000000000e+00	
   1.1235951830589210e+00	  -8.4365202188878241e-01	   0.0000000000000000e+00	
   1.1339567123853964e+00	  -8.3822626645714737e-01	   0.0000000000000000e+00	
   1.1402022465710901e+00	  -8.2971075457464361e-01	   0.0000000000000000e+00	
   1.1463838344189581e+00	  -8.2114870975084175e-01	   0.0000000000000000e+00	
   1.1525011292449761e+00	  -8.1254061217371820e-01	   0.0000000000000000e+00	
   1.1585537879708845e+00	  -8.0388694461404231e-01	   0.0000000000000000e+00	
   1.1645414711434332e+00	  -7.9518819239829863e-01	   0.0000000000000000e+00	
   1.1746701097584704e+00	  -7.8927107065763968e-01	   0.0000000000000000e+00	
   1.1805478852384079e+00	  -7.8045203593568557e-01	   0.0000000000000000e+00	
   1.1863594516627907e+00	  -7.7158923086535913e-01	   0.0000000000000000e+00	
   1.1921044830996246e+00	  -7.6268315250227625e-01	   0.0000000000000000e+00	
   1.1977826573484223e+00	  -7.5373430032895938e-01	   0.0000000000000000e+00	
   1.2077027762350352e+00	  -7.4740995771248242e-01	   0.0000000000000000e+00	
   1.2132661347550360e+00	  -7.3834472089272851e-01	   0.0000000000000000e+00	
   1.2187614492711263e+00	  -7.2923807524301010e-01	   0.0000000000000000e+00	
   1.2241884115877737e+00	  -7.2009053149433211e-01	   0.0000000000000000e+00	
   1.2295467173428651e+00	  -7.1090260267139993e-01	   0.0000000000000000e+00	
   1.2392419987056431e+00	  -7.0417840112877972e-01	   0.0000000000000000e+00	
   1.2444807191278586e+00	  -6.9487818478582963e-01	   0.0000000000000000e+00	
   1.2496496449283565e+00	  -6.8553899736096302e-01	   0.0000000000000000e+00	
   1.2592095498082370e+00	  -6.7856534945776503e-01	   0.0000000000000000e+00	
   1.2642558985720818e+00	  -6.6911631779437253e-01	   0.0000000000000000e+00	
   1.2692313436563123e+00	  -6.5962975986032768e-01	   0.0000000000000000e+00	
   1.2741356060214033e+00	  -6.5010620769338379e-01	   0.0000000000000000e+00	
   1.2834994748994710e+00	  -6.4281548991032222e-01	   0.0000000000000000e+00	
   1.2882774179891212e+00	  -6.3318555766469309e-01	   0.0000000000000000e+00	
   1.2929831101923772e+00	  -6.2352011426505893e-01	   0.0000000000000000e+00	
   1.3021971876487142e+00	  -6.1598663412497168e-01	   0.0000000000000000e+00	
   1.3067736897406474e+00	  -6.0621743025291397e-01	   0.0000000000000000e+00	
   1.3112769036136920e+00	  -5.9641422768921326e-01	   0.0000000000000000e+00	
   1.3203350004111880e+00	  -5.8864105269433198e-01	   0.0000000000000000e+00	
   1.3247062075365226e+00	  -5.7873678468031275e-01	   0.0000000000000000e+00	
   1.3290031207276716e+00	  -5.6880005918073984e-01	   0.0000000000000000e+00	
   1.3378991102368738e+00	  -5.6079041256467543e-01	   0.0000000000000000e+00	
   1.3420612561855378e+00	  -5.5075539093391923e-01	   0.0000000000000000e+00	
   1.3508505619840749e+00	  -5.4257824268548105e-01	   0.0000000000000000e+00	
   1.3548759569472435e+00	  -5.3244674056157737e-01	   0.0000000000000000e+00	
   1.3588253659562408e+00	  -5.2228537705189926e-01	   0.0000000000000000e+00	
   1.3674422385553791e+00	  -5.1387736785773364e-01	   0.0000000000000000e+00	
   1.3712522323492273e+00	  -5.0362241834433763e-01	   0.0000000000000000e+00	
   1.3797551598255473e+00	  -4.9505062279730822e-01	   0.0000000000000000e+00	
   1.3834238180916161e+00	  -4.8470399186930480e-01	   0.0000000000000000e+00	
   1.3918098244308870e+00	  -4.7596994496761802e-01	   0.0000000000000000e+00	
   1.3953352527523262e+00	  -4.6553357378541044e-01	   0.0000000000000000e+00	
   1.4036013824792264e+00	  -4.5663886297260214e-01	   0.0000000000000000e+00	
   1.4069817130002917e+00	  -4.4611472891765369e-01	   0.0000000000000000e+00	
   1.4151250320824003e+00	  -4.3706099380989089e-01	   0.0000000000000000e+00	
   1.4183584241690719e+00	  -4.2645111012275588e-01	   0.0000000000000000e+00	
   1.4263760209172633e+00	  -4.1724004222082883e-01	   0.0000000000000000e+00	
   1.4294606618129568e+00	  -4.0654645762749919e-01	   0.0000000000000000e+00	
   1.4373496477779579e+00	  -3.9717980001353104e-01	   0.0000000000000000e+00	
   1.4402837532541148e+00	  -3.8640459834019697e-01	   0.0000000000000000e+00	
   1.4480412641189599e+00	  -3.7688414535912879e-01	   0.0000000000000000e+00	
   1.4508230791203316e+00	  -3.6602944513538344e-01	   0.0000000000000000e+00	
   1.4584462755884606e+00	  -3.5635704206129631e-01	   0.0000000000000000e+00	
   1.4610740748728754e+00	  -3.4542499611189048e-01	   0.0000000000000000e+00	
   1.4685601435516262e+00	  -3.3560253879920315e-01	   0.0000000000000000e+00	
   1.4759807596810435e+00	  -3.2568726699493944e-01	   0.0000000000000000e+00	
   1.4783783866032800e+00	  -3.1462476834404846e-01	   0.0000000000000000e+00	
   1.4856574275894374e+00	  -3.0456231992175542e-01	   0.0000000000000000e+00	
   1.4878965820695600e+00	  -2.9342794674929540e-01	   0.0000000000000000e+00	
   1.4950313022418134e+00	  -2.8322034655645867e-01	   0.0000000000000000e+00	
   1.5020963034467012e+00	  -2.7292228849784178e-01	   0.0000000000000000e+00	
   1.5040980502044798e+00	  -2.6166569465297901e-01	   0.0000000000000000e+00	
   1.5110143869542134e+00	  -2.5122556455775064e-01	   0.0000000000000000e+00	
   1.5178584294981217e+00	  -2.4069647242203565e-01	   0.0000000000000000e+00	
   1.5196184006703244e+00	  -2.2932274239394887e-01	   0.0000000000000000e+00	
   1.5263095012107866e+00	  -2.1865477995149690e-01	   0.0000000000000000e+00	
   1.5329257646074861e+00	  -2.0789942138846132e-01	   0.0000000000000000e+00	
   1.5394662568366766e+00	  -1.9705719140296257e-01	   0.0000000000000000e+00	
   1.5408988150258329e+00	  -1.8552286779353128e-01	   0.0000000000000000e+00	
   1.5472805823240547e+00	  -1.7454620041306790e-01	   0.0000000000000000e+00	
   1.5535840811978070e+00	  -1.6348432200038962e-01	   0.0000000000000000e+00	
   1.5598083930656752e+00	  -1.5233779134081532e-01	   0.0000000000000000e+00	
   1.5659526033418369e+00	  -1.4110717620060528e-01	   0.0000000000000000e+00	
   1.5669654187769879e+00	  -1.2937606983304298e-01	   0.0000000000000000e+00	
   1.5729437174132208e+00	  -1.1801685795017272e-01	   0.0000000000000000e+00	
   1.5788394789123501e+00	  -1.0657533974519469e-01	   0.0000000000000000e+00	
   1.5846518056502139e+00	  -9.5052116491514127e-02	   0.0000000000000000e+00	
   1.5903798043952619e+00	  -8.3447798291907627e-02	   0.0000000000000000e+00	
   1.5960225863904647e+00	  -7.1763004046324949e-02	   0.0000000000000000e+00	
   1.6015792674349856e+00	  -5.9998361418974869e-02	   0.0000000000000000e+00	
   1.6070489679656113e+00	  -4.8154506804671697e-02	   0.0000000000000000e+00	
   1.6124308131379299e+00	  -3.6232085294463125e-02	   0.0000000000000000e+00	
   1.6126569337438392e+00	  -2.4155852486494718e-02	   0.0000000000000000e+00	
   1.6178600366447604e+00	  -1.2116215079095988e-02	   0.0000000000000000e+00	
   1.6179054054054052e+00	   0.0000000000000000e+00	   0.0000000000000000e+00	
